4.18
6.231
10.165
12.2
17.985
20.102
22.136
23.987
26.004
33.841
35.925
38.009
41.777
45.878
47.796
49.846
51.697
57.782
67.719
69.57
71.604
73.605
77.573
79.49
81.624
85.576
87.476
89.51
91.428
95.463
107.25
121.155
125.19
127.141
131.225
133.193
135.11
137.027
139.062
145.114
147.114
151.016
152.966
154.85
162.87
166.888
168.906
170.89
172.707
176.858
182.827
184.628
190.68
194.531
198.666
202.618
208.403
214.555
218.507
224.309
228.26
238.247
244.249
246.2
250.168
258.187
260.005
262.139
264.14
265.94
270.058
273.96
275.91
279.845
285.964
289.749
295.701
297.752
299.786
301.72
303.787
305.688
307.788
309.722
325.645
327.429
331.514
333.498
337.466
341.517
349.32
355.205
359.257
361.274
363.192
365.242
371.178
375.046
377.097
385.133
393.102
394.97
400.938
402.906
410.892
412.876
414.91
424.78
426.681
438.685
440.669
442.703
446.571
448.522
458.542
462.46
466.445
468.412
474.398
480.2
482.384
484.185
486.169
492.154
494.188
496.089
500.174
504.125
