4.165
6.115
10.1
12.184
18.086
20.12
22.038
24.105
26.073
33.942
35.943
37.91
41.978
45.88
47.864
49.814
51.782
57.851
67.721
69.722
71.589
73.606
77.491
79.675
81.643
85.427
87.595
89.445
91.496
95.431
107.385
121.324
125.142
127.126
131.094
133.111
135.162
137.046
139.013
144.932
146.983
150.867
152.952
155.002
162.838
166.94
168.724
170.908
172.742
176.794
182.762
184.713
190.648
194.7
198.585
202.486
208.472
214.457
218.308
224.261
228.245
238.166
244.184
246.118
250.12
258.139
260.057
262.008
264.025
266.009
269.894
274.012
275.946
279.847
285.849
289.834
295.77
297.804
299.654
301.722
303.606
305.573
307.557
309.575
325.497
327.398
331.366
333.4
337.401
341.369
349.289
355.274
359.142
361.243
363.261
365.178
371.08
375.032
377.032
385.068
393.005
395.055
400.841
402.958
410.761
412.828
414.712
424.733
426.683
438.588
440.672
442.639
446.491
448.625
458.462
462.43
466.314
468.348
474.284
480.236
482.187
484.271
486.238
492.107
494.241
496.025
500.11
504.128
