4.141
6.159
10.163
12.049
18.021
19.957
22.009
23.911
25.913
33.737
35.723
37.675
41.645
45.683
47.568
49.503
51.522
57.561
67.355
69.357
71.392
73.277
77.315
79.133
81.169
85.239
87.208
89.11
91.162
94.966
106.911
120.709
124.83
126.715
130.619
132.671
134.506
136.625
138.477
144.433
146.552
150.305
152.374
154.276
162.284
166.305
168.14
170.059
172.211
175.998
182.037
183.956
189.845
193.9
197.837
201.741
207.747
213.77
217.607
223.58
227.417
237.494
243.3
245.435
249.339
257.13
259.232
261.101
263.136
265.005
268.992
273.03
274.932
278.936
284.892
288.862
294.835
296.82
298.689
300.641
302.543
304.562
306.647
308.482
324.382
326.317
330.338
332.323
336.144
340.214
348.072
354.162
358.116
359.984
362.003
363.888
369.928
373.882
375.717
383.675
391.6
393.585
399.524
401.56
409.451
411.336
413.305
423.299
425.334
437.213
439.014
441.083
445.004
447.006
457.016
460.97
464.791
466.826
472.799
478.588
480.607
482.508
484.677
490.483
492.502
494.354
498.458
502.412
