4.271
6.071
10.206
12.14
18.159
20.043
21.96
24.128
25.945
34.048
35.899
37.883
41.818
45.836
47.836
49.754
51.838
57.773
67.711
69.678
71.678
73.679
77.647
79.665
81.549
85.6
87.534
89.402
91.536
95.387
107.308
121.213
125.281
127.232
131.134
133.118
135.185
137.136
138.986
144.972
146.956
150.924
153.075
155.009
162.878
166.913
168.747
170.765
172.715
176.683
182.769
184.703
190.739
194.607
198.675
202.543
208.612
214.43
218.415
224.284
228.452
238.223
244.208
246.309
250.127
258.146
260.08
262.048
264.149
266.083
270.001
274.002
275.953
279.854
285.907
289.858
295.677
297.677
299.762
301.646
303.696
305.78
307.698
309.682
325.604
327.572
331.523
333.441
337.359
341.31
349.43
355.399
359.35
361.284
363.301
365.285
371.071
375.106
377.156
385.009
392.946
394.896
401.015
402.916
410.785
412.853
414.787
424.774
426.758
438.729
440.713
442.68
446.615
448.632
458.536
462.488
466.389
468.406
474.409
480.277
482.278
484.295
486.313
492.098
494.282
496.133
500.051
504.169
