4.081
6.215
10.033
12.034
18.17
20.07
22.021
24.022
25.989
33.842
35.91
37.827
41.978
45.913
47.931
49.715
51.782
57.801
67.605
69.739
71.673
73.723
77.558
79.559
81.66
85.561
87.512
89.563
91.513
95.431
107.269
121.174
125.259
127.293
131.145
133.229
135.229
137.147
139.148
144.966
147.051
151.069
152.969
154.987
162.923
166.958
168.759
170.826
172.893
176.745
182.814
184.731
190.667
194.651
198.586
202.621
208.44
214.509
218.477
224.312
228.414
238.184
244.303
246.137
250.072
258.158
260.092
262.093
263.927
265.928
269.979
273.881
275.865
279.983
285.952
289.803
295.722
297.739
299.673
301.791
303.658
305.726
307.593
309.61
325.633
327.534
331.485
333.436
337.354
341.506
349.408
355.394
359.162
361.296
363.314
365.164
371.066
375.085
377.052
385.022
392.974
395.059
400.894
402.995
410.881
412.865
414.833
424.753
426.787
438.675
440.675
442.576
446.461
448.562
458.449
462.483
466.385
468.352
474.321
480.34
482.274
484.358
486.275
492.094
494.245
496.079
500.097
504.099
