4.115
6.216
10.151
12.118
18.07
20.088
22.105
23.922
25.99
33.976
35.91
37.927
41.962
45.764
47.781
49.915
51.816
57.851
67.588
69.605
71.656
73.657
77.608
79.492
81.643
85.461
87.529
89.463
91.463
95.348
107.402
121.307
125.109
127.276
131.128
133.062
135.029
137.13
139.064
145.116
147.05
150.935
153.069
155.02
162.906
166.94
168.758
170.892
172.826
176.777
182.713
184.764
190.749
194.6
198.585
202.57
208.472
214.541
218.442
224.428
228.446
238.316
244.318
246.119
250.07
258.04
260.107
262.108
264.109
266.059
269.961
273.896
276.03
279.998
285.917
289.785
295.854
297.788
299.672
301.706
303.806
305.64
307.708
309.692
325.481
327.482
331.533
333.4
337.385
341.47
349.456
355.342
359.21
361.26
363.345
365.229
371.297
375.132
377.149
385.119
393.005
394.973
400.925
402.842
410.978
412.779
414.78
424.85
426.717
438.622
440.606
442.54
446.674
448.475
458.512
462.497
466.348
468.416
474.334
480.337
482.254
484.255
486.322
492.158
494.158
496.209
500.177
504.095
