4.221
6.106
10.193
12.162
18.051
19.97
21.955
24.007
25.909
33.784
35.869
37.704
41.642
45.746
47.698
49.633
51.652
57.491
67.301
69.336
71.288
73.34
77.278
79.33
81.298
85.186
87.138
89.09
90.975
95.096
106.907
120.788
124.692
126.611
130.665
132.667
134.635
136.671
138.456
144.579
146.364
150.401
152.353
154.322
162.213
166.201
168.169
170.071
172.14
176.077
181.917
184.019
189.925
193.795
197.816
201.82
207.809
213.749
217.636
223.625
227.446
237.406
243.329
245.23
249.351
257.142
259.245
261.096
263.065
265.117
269.054
272.942
274.86
279.015
284.954
288.874
294.73
296.649
298.668
300.62
302.638
304.69
306.659
308.528
324.394
326.412
330.283
332.318
336.322
340.193
348.034
354.074
358.061
359.896
361.948
364
369.789
373.743
375.762
383.804
391.528
393.58
399.62
401.588
409.53
411.398
413.434
423.36
425.195
437.241
439.159
440.978
444.982
447.051
456.811
460.865
464.769
466.821
472.777
478.699
480.568
482.57
484.655
490.495
492.463
494.449
498.319
502.407
