4.22
6.221
10.223
12.107
18.059
20.06
21.96
24.011
26.028
34.015
35.965
37.933
41.801
45.852
47.903
49.821
51.805
57.69
67.744
69.595
71.645
73.729
77.597
79.582
81.482
85.6
87.584
89.602
91.419
95.421
107.308
121.23
125.232
127.282
131.151
133.068
135.052
137.053
139.07
145.139
147.106
151.041
152.875
155.043
162.962
166.764
168.831
170.782
172.866
176.884
182.703
184.754
190.689
194.641
198.525
202.594
208.529
214.448
218.516
224.468
228.436
238.34
244.309
246.26
250.178
258.064
260.148
262.132
264.166
266.05
269.935
274.103
275.921
279.972
285.808
289.792
295.911
297.862
299.796
301.73
303.798
305.782
307.682
309.716
325.639
327.573
331.474
333.425
337.443
341.478
349.414
355.333
359.268
361.202
363.253
365.154
371.189
375.057
377.108
385.094
392.98
395.015
400.867
402.884
410.854
412.821
414.922
424.675
426.693
438.731
440.598
442.532
446.5
448.551
458.405
462.439
466.324
468.392
474.344
480.379
482.23
484.381
486.265
492.117
494.301
496.152
500.137
504.188
