4.163
6.247
10.165
12.166
18.168
20.102
22.12
24.054
26.038
33.89
35.991
37.992
41.927
45.928
47.846
49.713
51.73
57.782
67.603
69.72
71.688
73.555
77.623
79.624
81.474
85.609
87.577
89.594
91.478
95.513
107.451
121.289
125.19
127.108
131.126
133.143
135.144
137.195
138.995
145.031
147.048
150.933
152.967
155.018
162.937
166.772
168.873
170.807
172.908
176.792
182.678
184.762
190.714
194.716
198.634
202.669
208.621
214.473
218.424
224.46
228.345
238.231
244.25
246.251
250.086
258.089
260.206
262.157
264.041
266.042
269.926
274.078
276.079
280.013
285.882
289.934
295.786
297.82
299.887
301.755
303.839
305.689
307.773
309.791
325.563
327.597
331.632
333.533
337.434
341.436
349.288
355.407
359.242
361.193
363.294
365.244
371.18
375.148
377.249
385.068
393.054
395.122
400.974
403.025
410.894
412.912
414.946
424.849
426.683
438.721
440.555
442.656
446.557
448.658
458.411
462.53
466.431
468.348
474.301
480.286
482.337
484.404
486.288
492.341
494.158
496.309
500.243
504.095
