4.188
6.205
10.09
12.074
18.126
19.96
22.044
24.012
25.912
33.999
35.95
37.817
41.818
45.953
47.837
49.755
51.806
57.674
67.728
69.762
71.68
73.597
77.649
79.566
81.5
85.602
87.419
89.57
91.437
95.439
107.31
121.332
125.183
127.134
131.202
133.136
135.204
137.054
139.189
145.074
146.925
150.926
153.044
154.928
162.964
166.899
168.916
170.884
172.735
176.719
182.622
184.656
190.608
194.66
198.528
202.596
208.565
214.45
218.402
224.454
228.272
238.226
244.212
246.162
250.197
258.1
260.001
262.118
263.969
266.053
269.955
273.989
276.024
279.992
285.827
289.795
295.731
297.665
299.799
301.683
303.684
305.601
307.669
309.703
325.409
327.476
331.445
333.379
337.397
341.415
349.235
355.253
359.205
361.206
363.173
365.107
371.076
375.028
377.178
384.948
393.001
394.952
400.904
402.888
410.691
412.742
414.809
424.58
426.714
438.518
440.536
442.586
446.505
448.572
458.342
462.277
466.295
468.263
474.265
480.284
482.168
484.219
486.203
492.072
494.223
496.14
500.125
504.11
