4.109
6.077
10.081
11.967
17.923
19.858
21.994
23.795
25.948
33.705
35.774
37.826
41.764
45.601
47.686
49.622
51.574
57.463
67.306
69.408
71.277
73.212
77.333
79.135
81.17
85.108
87.06
89.012
91.147
94.901
106.88
120.794
124.798
126.767
130.754
132.656
134.591
136.66
138.462
144.435
146.47
150.374
152.443
154.228
162.236
166.19
168.192
170.077
172.129
175.983
182.006
183.975
189.981
193.801
197.789
201.726
207.699
213.755
217.509
223.598
227.519
237.412
243.402
245.32
249.291
257.299
259.168
261.053
263.022
264.974
269.111
273.049
274.867
278.955
284.761
288.881
294.704
296.606
298.708
300.56
302.662
304.481
306.483
308.418
324.484
326.353
330.207
332.209
336.196
340.267
348.058
354.048
357.952
359.97
361.872
363.974
369.914
373.884
375.836
383.711
391.519
393.554
399.477
401.496
409.454
411.289
413.391
423.318
425.287
437.165
439.101
441.153
445.057
446.909
456.985
460.956
464.71
466.695
472.718
478.624
480.526
482.595
484.614
490.503
492.472
494.457
498.444
502.398
