4.108
6.126
10.06
12.078
17.98
20.031
21.998
24.066
26.116
33.903
35.97
37.871
41.839
45.857
47.924
49.842
51.826
57.795
67.765
69.582
71.6
73.634
77.669
79.486
81.503
85.555
87.489
89.573
91.457
95.542
107.396
121.201
125.286
127.087
131.238
133.206
135.19
137.157
139.108
145.027
146.944
150.929
152.896
155.03
162.967
166.885
168.819
170.903
172.904
176.772
182.757
184.775
190.544
194.645
198.63
202.465
208.417
214.352
218.437
224.306
228.257
238.278
244.147
246.114
250.199
258.118
260.002
262.137
264.054
266.021
270.056
273.891
275.958
279.976
285.795
289.813
295.849
297.766
299.817
301.668
303.768
305.736
307.753
309.587
325.526
327.427
331.445
333.463
337.348
341.449
349.319
355.371
359.172
361.156
363.29
365.258
371.21
375.145
377.029
385.098
392.901
395.069
400.838
402.922
410.775
412.892
414.759
424.73
426.714
438.685
440.702
442.586
446.621
448.538
458.559
462.343
466.428
468.362
474.415
480.333
482.217
484.185
486.302
492.221
494.105
496.206
500.041
504.042
