4.161
6.096
10.08
12.098
18.166
19.984
22.051
24.102
25.936
34.005
35.956
37.924
41.875
45.793
47.844
49.894
51.845
57.664
67.717
69.635
71.686
73.686
77.638
79.488
81.506
85.624
87.474
89.525
91.559
95.361
107.332
121.287
125.238
127.105
131.207
133.224
135.191
137.125
139.143
145.028
147.062
151.014
152.998
155.049
162.818
166.819
168.82
170.887
172.738
176.723
182.792
184.709
190.711
194.596
198.631
202.449
208.534
214.47
218.521
224.44
228.358
238.311
244.297
246.081
250.116
258.119
260.053
262.087
263.987
266.071
270.056
273.924
275.925
279.876
285.762
289.88
295.699
297.699
299.767
301.667
303.685
305.735
307.786
309.704
325.543
327.443
331.511
333.462
337.397
341.498
349.418
355.336
359.338
361.272
363.306
365.323
371.259
375.16
377.161
384.98
392.983
395.017
400.886
403.003
410.84
412.757
414.841
424.728
426.679
438.649
440.533
442.668
446.469
448.503
458.507
462.491
466.376
468.427
474.346
480.348
482.182
484.332
486.266
492.269
494.236
496.237
500.138
504.173
