4.14
6.224
10.092
12.126
18.061
20.045
22.113
24.03
25.947
33.984
35.951
37.968
41.786
45.755
47.839
49.723
51.873
57.759
67.646
69.596
71.58
73.648
77.549
79.617
81.534
85.585
87.469
89.47
91.404
95.422
107.443
121.131
125.266
127.234
131.252
133.069
135.136
137.137
139.154
145.023
147.024
151.092
153.059
155.01
162.88
166.848
168.782
170.816
172.833
176.768
182.687
184.771
190.689
194.741
198.676
202.477
208.446
214.398
218.399
224.485
228.386
238.273
244.292
246.126
250.161
258.097
260.064
262.115
263.949
265.966
269.984
273.936
275.986
279.921
285.857
289.808
295.844
297.811
299.712
301.762
303.813
305.597
307.581
309.765
325.504
327.622
331.49
333.407
337.525
341.51
349.346
355.398
359.366
361.317
363.251
365.118
371.12
375.122
377.072
385.142
392.895
394.912
401.014
402.932
410.851
412.919
414.903
424.756
426.607
438.528
440.678
442.562
446.564
448.565
458.385
462.403
466.404
468.355
474.307
480.209
482.243
484.327
486.311
492.18
494.231
496.048
500.2
504.151
