4.195
6.079
10.164
12.014
18.133
20.001
22.085
23.985
26.086
33.889
35.99
37.924
41.942
45.843
47.911
49.728
51.729
57.781
67.701
69.685
71.569
73.586
77.588
79.655
81.506
85.524
87.408
89.575
91.393
95.361
107.348
121.253
125.288
127.205
131.09
133.224
135.175
137.026
139.01
145.062
147.029
151.031
152.981
154.965
162.968
166.87
168.804
170.738
172.822
176.723
182.775
184.759
190.695
194.696
198.531
202.549
208.534
214.537
218.405
224.307
228.308
238.195
244.247
246.198
250.249
258.202
260.086
262.07
264.038
266.122
270.056
273.991
276.025
279.91
285.912
289.83
295.766
297.7
299.85
301.768
303.685
305.786
307.72
309.787
325.543
327.527
331.528
333.496
337.497
341.515
349.301
355.42
359.355
361.372
363.156
365.307
371.209
375.194
377.061
385.114
393.1
395.068
400.836
402.987
410.923
412.924
414.758
424.762
426.646
438.566
440.667
442.601
446.469
448.637
458.474
462.542
466.443
468.427
474.313
480.215
482.249
484.299
486.334
492.119
494.103
496.087
500.105
504.107
