4.244
6.161
10.246
12.197
18.049
20
22.134
23.984
26.035
33.905
35.906
37.84
41.941
45.776
47.86
49.761
51.895
57.68
67.701
69.585
71.719
73.536
77.587
79.488
81.639
85.49
87.574
89.459
91.459
95.561
107.415
121.204
125.238
127.206
131.09
133.141
135.175
137.176
139.027
145.146
146.996
151.031
152.915
154.983
162.869
166.92
168.788
170.855
172.706
176.757
182.726
184.71
190.746
194.647
198.615
202.583
208.469
214.388
218.339
224.291
228.443
238.347
244.149
246.266
250.184
258.12
260.171
262.122
264.056
266.057
269.958
273.893
276.01
279.895
285.914
289.765
295.734
297.768
299.786
301.653
303.671
305.688
307.572
309.739
325.579
327.546
331.547
333.398
337.333
341.501
349.404
355.323
359.324
361.175
363.142
365.11
371.162
375.063
377.064
385.151
393.02
394.954
400.873
402.94
410.893
412.744
414.795
424.732
426.666
438.62
440.671
442.505
446.556
448.457
458.544
462.362
466.48
468.331
474.25
480.235
482.32
484.337
486.321
492.223
494.057
496.158
500.193
504.178
