4.136
6.187
10.222
12.139
18.142
19.992
22.126
24.06
26.028
33.848
35.965
37.899
41.934
45.785
47.82
49.787
51.854
57.807
67.627
69.645
71.645
73.546
77.614
79.582
81.649
85.467
87.585
89.469
91.52
95.454
107.409
121.298
125.216
127.1
131.118
133.169
135.053
136.987
139.121
144.94
147.074
150.976
152.976
154.977
162.947
166.732
168.799
170.867
172.817
176.785
182.654
184.622
190.641
194.576
198.577
202.529
208.464
214.5
218.335
224.237
228.288
238.326
244.145
246.095
250.13
258
260.134
261.951
264.002
265.986
270.038
273.956
275.823
279.841
285.727
289.745
295.814
297.815
299.749
301.733
303.584
305.585
307.735
309.586
325.542
327.526
331.461
333.395
337.38
341.365
349.235
355.237
359.255
361.256
363.29
365.207
371.16
375.161
377.129
384.965
392.985
394.852
400.854
402.822
410.742
412.876
414.81
424.68
426.748
438.669
440.453
442.437
446.605
448.406
458.46
462.361
466.329
468.247
474.332
480.135
482.269
484.303
486.287
492.223
494.04
496.024
500.042
504.027
