4.283
6.201
10.085
12.119
18.172
20.056
22.056
23.99
26.058
33.877
35.861
37.845
41.964
45.932
47.816
49.9
51.901
57.703
67.706
69.724
71.541
73.525
77.66
79.461
81.545
85.496
87.597
89.414
91.415
95.383
107.404
121.276
125.11
127.211
131.179
133.063
135.147
137.132
139.016
145.001
146.952
150.987
152.937
154.955
162.974
166.742
168.726
170.794
172.778
176.746
182.765
184.665
190.584
194.636
198.67
202.522
208.391
214.46
218.444
224.346
228.265
238.201
244.17
246.238
250.106
258.092
260.143
262.043
264.078
266.062
269.98
273.914
275.999
279.933
285.852
289.753
295.772
297.723
299.824
301.791
303.792
305.626
307.643
309.627
325.55
327.601
331.519
333.469
337.421
341.339
349.392
355.327
359.262
361.229
363.263
365.298
371.133
375.168
377.068
385.171
392.908
395.008
400.96
402.928
410.881
412.865
414.765
424.769
426.686
438.741
440.608
442.676
446.51
448.544
458.548
462.449
466.518
468.385
474.404
480.239
482.257
484.241
486.325
492.177
494.194
496.095
500.213
504.165
