4.273
6.274
10.058
12.026
18.161
20.029
22.063
23.963
25.947
34.034
35.951
37.985
41.953
45.938
47.905
49.906
51.79
57.809
67.729
69.63
71.564
73.581
77.583
79.633
81.601
85.485
87.486
89.42
91.488
95.389
107.327
121.265
125.133
127.234
131.085
133.086
135.087
137.087
139.071
145.057
146.991
151.009
152.96
155.044
162.863
166.798
168.815
170.866
172.917
176.818
182.837
184.705
190.657
194.741
198.509
202.594
208.563
214.415
218.5
224.335
228.404
238.24
244.159
246.143
250.161
258.114
260.015
262.082
264.133
266.05
270.102
274.003
275.987
279.972
285.874
289.792
295.928
297.729
299.729
301.847
303.797
305.665
307.832
309.75
325.655
327.489
331.541
333.425
337.426
341.528
349.314
355.266
359.301
361.285
363.185
365.169
371.255
375.09
377.157
385.01
393.13
395.014
400.999
403.05
410.803
412.92
414.837
424.858
426.825
438.613
440.613
442.647
446.515
448.533
458.503
462.388
466.456
468.423
474.409
480.394
482.395
484.229
486.346
492.265
494.199
496.25
500.285
504.086
