4.158
6.142
10.21
12.161
18.13
20.081
21.948
23.982
25.949
33.869
36.036
37.92
41.888
45.79
47.891
49.908
51.709
57.827
67.731
69.698
71.632
73.583
77.685
79.619
81.636
85.471
87.538
89.422
91.54
95.358
107.445
121.134
125.252
127.136
131.054
133.171
135.189
137.156
139.09
144.992
146.926
150.978
153.062
154.846
162.965
166.8
168.784
170.818
172.869
176.82
182.639
184.69
190.675
194.66
198.545
202.596
208.432
214.5
218.419
224.287
228.339
238.226
244.295
246.112
250.247
258.149
260.084
262.134
263.985
266.036
270.004
274.072
275.956
279.974
285.909
289.894
295.78
297.864
299.714
301.849
303.733
305.683
307.667
309.668
325.607
327.491
331.426
333.443
337.445
341.363
349.416
355.234
359.253
361.253
363.271
365.321
371.207
375.058
377.059
385.062
393.031
394.982
400.984
402.952
410.771
412.922
414.873
424.659
426.744
438.714
440.532
442.566
446.584
448.551
458.538
462.44
466.341
468.425
474.461
480.313
482.213
484.231
486.215
492.134
494.251
496.219
500.07
504.221
