4.263
6.264
10.165
12.116
18.035
20.102
21.986
24.054
26.088
33.907
36.008
37.959
41.827
45.778
47.846
49.897
51.764
57.8
67.687
69.571
71.638
73.622
77.507
79.508
81.575
85.56
87.561
89.478
91.579
95.513
107.418
121.256
125.108
127.192
131.143
133.144
135.078
137.179
138.979
144.998
147.099
151.017
153.035
154.869
162.988
166.823
168.807
170.741
172.692
176.86
182.595
184.646
190.548
194.683
198.585
202.569
208.438
214.424
218.359
224.444
228.379
238.183
244.301
246.085
250.137
258.123
259.991
262.091
263.992
265.976
270.094
273.896
275.846
279.865
285.883
289.918
295.754
297.771
299.789
301.773
303.807
305.591
307.708
309.726
325.581
327.532
331.55
333.384
337.402
341.421
349.44
355.326
359.294
361.311
363.145
365.196
371.248
375.083
377.117
384.97
393.023
395.057
400.976
402.81
410.929
412.83
414.914
424.785
426.769
438.706
440.674
442.541
446.643
448.627
458.43
462.532
466.366
468.484
474.253
480.238
482.306
484.156
486.34
492.259
494.243
496.061
500.229
504.047
