4.171
6.272
10.09
12.024
18.109
19.96
21.961
23.945
26.045
34.015
35.982
38.016
41.934
45.786
47.77
49.804
51.888
57.757
67.61
69.677
71.561
73.545
77.547
79.564
81.532
85.483
87.584
89.401
91.485
95.52
107.441
121.312
125.23
127.265
131.083
133.183
135.051
137.068
138.985
145.071
146.921
151.023
152.924
154.908
162.977
166.879
168.796
170.83
172.714
176.849
182.751
184.802
190.57
194.538
198.59
202.475
208.527
214.462
218.547
224.466
228.367
238.221
244.239
246.323
250.091
258.094
260.095
262.196
264.013
266.13
269.998
273.983
276.067
279.952
285.854
289.872
295.874
297.892
299.776
301.743
303.844
305.844
307.762
309.729
325.635
327.602
331.47
333.588
337.439
341.524
349.343
355.312
359.297
361.264
363.231
365.232
371.134
375.269
377.086
385.056
393.059
395.076
400.912
403.062
410.798
412.949
414.85
424.82
426.687
438.742
440.742
442.693
446.578
448.595
458.432
462.4
466.485
468.485
474.421
480.24
482.29
484.374
486.292
492.211
494.311
496.295
500.23
504.231
