4.184
6.235
10.086
12.054
18.089
20.073
22.024
23.941
25.976
34.045
36.029
37.863
41.931
45.949
47.917
49.851
51.885
57.82
67.674
69.608
71.676
73.626
77.494
79.495
81.646
85.464
87.481
89.482
91.499
95.501
107.239
121.277
125.262
127.129
131.164
133.198
135.132
137.016
138.967
145.002
146.953
150.971
152.855
154.889
162.942
166.894
168.728
170.745
172.712
176.614
182.666
184.617
190.702
194.67
198.639
202.523
208.559
214.394
218.396
224.348
228.333
238.22
244.088
246.189
250.141
257.96
260.044
262.062
264.096
265.946
269.948
273.916
275.933
279.835
285.904
289.772
295.841
297.741
299.725
301.609
303.593
305.728
307.662
309.729
325.418
327.536
331.554
333.388
337.306
341.324
349.36
355.279
359.33
361.298
363.282
365.283
371.168
375.153
377.104
384.99
392.976
395.027
400.979
402.78
410.783
412.767
414.801
424.771
426.672
438.509
440.46
442.544
446.462
448.446
458.45
462.301
466.286
468.237
474.356
480.158
482.242
484.176
486.227
492.129
494.046
496.164
500.048
504.067
