4.097
6.131
10.116
12.066
18.052
19.969
22.004
23.921
25.905
33.908
35.825
37.96
41.961
45.846
47.88
49.831
51.781
57.7
67.704
69.588
71.722
73.606
77.508
79.625
81.609
85.544
87.512
89.546
91.53
95.481
107.252
121.158
125.243
127.26
131.245
133.045
135.18
137.13
139.181
145.067
146.967
151.069
153.02
155.07
163.007
166.808
168.842
170.826
172.81
176.695
182.698
184.782
190.634
194.569
198.687
202.672
208.491
214.543
218.494
224.313
228.415
238.285
244.354
246.338
250.273
258.159
260.227
262.127
264.112
266.079
269.964
274.015
275.899
279.918
285.853
289.938
295.924
297.908
299.875
301.859
303.676
305.761
307.828
309.829
325.535
327.686
331.52
333.621
337.506
341.391
349.51
355.329
359.314
361.282
363.216
365.266
371.319
375.27
377.238
385.224
393.06
395.094
401.08
403.064
410.917
412.801
414.818
424.722
426.74
438.611
440.762
442.746
446.564
448.648
458.585
462.503
466.488
468.455
474.424
480.41
482.377
484.228
486.279
492.364
494.165
496.232
500.151
504.119
