4.285
6.135
10.153
12.171
18.056
20.09
21.941
23.975
25.976
33.862
35.913
37.897
41.932
45.783
47.867
49.868
51.802
57.671
67.641
69.642
71.709
73.693
77.628
79.662
81.579
85.581
87.548
89.582
91.516
95.434
107.439
121.21
125.195
127.096
131.131
133.148
135.099
137.15
139.117
145.136
147.087
150.938
153.072
154.873
162.892
166.81
168.961
170.829
172.813
176.814
182.833
184.7
190.769
194.604
198.639
202.657
208.559
214.494
218.363
224.315
228.333
238.17
244.155
246.139
250.141
258.144
260.144
262.078
263.996
265.997
269.998
273.999
276.05
279.968
285.954
289.955
295.791
297.891
299.809
301.71
303.677
305.661
307.645
309.612
325.668
327.486
331.587
333.404
337.573
341.357
349.427
355.312
359.33
361.181
363.165
365.266
371.201
375.153
377.204
385.157
392.909
395.043
400.879
402.896
410.766
412.75
414.801
424.754
426.805
438.609
440.627
442.711
446.596
448.53
458.417
462.385
466.419
468.37
474.422
480.341
482.275
484.209
486.227
492.312
494.28
496.147
500.182
504.083
