4.094
6.228
10.229
12.213
18.132
20.133
22.133
24.001
26.018
34.038
35.872
37.872
41.807
45.792
47.909
49.877
51.877
57.846
67.75
69.567
71.551
73.619
77.587
79.571
81.438
85.406
87.424
89.374
91.525
95.476
107.431
121.319
125.154
127.138
131.206
133.023
135.091
137.008
139.159
144.961
146.912
150.98
152.88
154.965
162.767
166.919
168.92
170.82
172.704
176.722
182.708
184.759
190.644
194.512
198.547
202.648
208.517
214.436
218.487
224.473
228.341
238.328
244.263
246.231
250.115
258.052
260.102
262.053
264.137
266.105
270.056
274.024
275.858
279.943
285.762
289.863
295.832
297.816
299.75
301.801
303.585
305.735
307.586
309.67
325.609
327.41
331.378
333.429
337.397
341.365
349.218
355.237
359.288
361.239
363.123
365.14
371.076
375.027
377.111
384.981
392.884
394.934
400.803
402.82
410.857
412.774
414.808
424.695
426.679
438.683
440.551
442.535
446.603
448.504
458.357
462.392
466.427
468.261
474.346
480.265
482.216
484.2
486.3
492.069
494.103
496.021
500.089
504.024
