4.209
6.126
10.228
12.145
18.014
20.165
22.016
24.066
26.067
33.953
35.971
37.821
41.89
45.908
47.858
49.909
51.743
57.762
67.749
69.566
71.651
73.535
77.603
79.537
81.654
85.489
87.49
89.49
91.558
95.493
107.447
121.152
125.304
127.154
131.189
133.107
135.207
137.191
139.092
145.028
146.978
150.896
152.931
154.931
162.951
166.836
168.87
170.854
172.821
176.789
182.791
184.759
190.711
194.613
198.531
202.599
208.551
214.486
218.521
224.29
228.292
238.312
244.231
246.198
250.133
258.069
260.153
262.054
264.138
265.955
270.074
274.008
276.042
279.894
285.846
289.781
295.9
297.884
299.668
301.735
303.669
305.637
307.704
309.788
325.477
327.578
331.546
333.43
337.448
341.5
349.303
355.255
359.373
361.357
363.258
365.309
371.244
375.229
377.146
385.149
392.969
394.986
400.888
402.972
410.909
412.759
414.877
424.73
426.715
438.636
440.736
442.57
446.639
448.639
458.46
462.461
466.412
468.413
474.349
480.368
482.385
484.369
486.286
492.122
494.106
496.207
500.192
504.16
