4.199
6.067
10.168
12.136
18.088
19.972
22.023
24.023
25.991
33.994
35.878
37.812
41.947
45.932
47.882
49.883
51.717
57.786
67.773
69.674
71.675
73.692
77.577
79.528
81.512
85.597
87.564
89.548
91.566
95.417
107.355
121.16
125.162
127.179
131.181
133.081
135.132
137.083
139.034
145.086
147.037
151.038
152.839
154.84
162.859
166.794
168.845
170.762
172.846
176.798
182.583
184.701
190.686
194.488
198.589
202.491
208.51
214.429
218.414
224.349
228.317
238.221
244.157
246.224
250.009
258.029
260.096
261.947
263.914
265.982
269.883
273.968
275.969
279.77
285.839
289.857
295.709
297.794
299.628
301.628
303.679
305.613
307.531
309.615
325.537
327.388
331.523
333.357
337.308
341.393
349.346
355.165
359.183
361.101
363.152
365.119
371.105
375.006
377.074
384.993
392.946
394.98
400.849
402.75
410.786
412.82
414.704
424.708
426.526
438.547
440.397
442.515
446.516
448.434
458.287
462.306
466.257
468.275
474.26
480.262
482.163
484.247
486.081
492.134
494.051
496.118
500.053
503.988
