4.084
6.268
10.203
12.037
18.023
20.04
21.941
24.075
25.942
33.945
36.029
37.963
41.931
45.866
47.833
49.734
51.768
57.77
67.64
69.558
71.725
73.543
77.594
79.678
81.579
85.514
87.414
89.482
91.532
95.534
107.355
121.31
125.178
127.229
131.047
133.214
135.132
137.199
138.983
145.052
146.919
150.954
152.938
154.905
162.958
166.893
168.877
170.778
172.745
176.813
182.749
184.683
190.635
194.553
198.521
202.573
208.592
214.527
218.445
224.331
228.299
238.219
244.221
246.189
250.09
257.976
260.16
262.111
263.962
266.062
269.914
273.999
275.949
279.801
285.82
289.754
295.823
297.707
299.675
301.709
303.809
305.61
307.627
309.595
325.601
327.518
331.386
333.403
337.322
341.406
349.243
355.161
359.18
361.197
363.114
365.165
371.134
375.169
377.186
384.922
392.992
394.842
400.961
402.929
410.915
412.716
414.833
424.67
426.737
438.675
440.542
442.543
446.561
448.579
458.466
462.417
466.335
468.386
474.321
480.273
482.341
484.275
486.276
492.161
494.078
496.112
500.014
504.065
