4.264
6.148
10.199
12.033
18.035
20.086
21.953
24.104
25.955
33.958
36.008
37.976
41.977
45.812
47.746
49.913
51.797
57.833
67.653
69.721
71.738
73.639
77.507
79.474
81.658
85.46
87.61
89.478
91.512
95.53
107.267
121.339
125.124
127.241
131.143
133.227
135.144
137.095
139.029
145.048
146.965
150.916
152.951
154.968
162.937
166.972
168.79
170.774
172.891
176.776
182.645
184.712
190.747
194.582
198.534
202.618
208.454
214.473
218.557
224.493
228.294
238.198
244.217
246.267
250.252
258.055
260.039
262.19
264.057
266.058
269.959
273.911
276.045
279.913
285.815
289.983
295.835
297.919
299.82
301.887
303.855
305.705
307.739
309.64
325.696
327.68
331.615
333.532
337.434
341.468
349.338
355.323
359.308
361.409
363.259
365.327
371.296
375.23
377.148
385.017
393.07
395.088
401.006
403.007
410.96
412.894
414.945
424.715
426.832
438.603
440.587
442.621
446.656
448.657
458.544
462.528
466.363
468.364
474.449
480.302
482.336
484.403
486.387
492.239
494.256
496.14
500.109
504.193
