4.292
6.143
10.061
12.112
18.097
20.031
22.015
24.1
25.934
33.887
36.037
37.838
41.99
45.841
47.775
49.909
51.91
57.745
67.732
69.6
71.584
73.685
77.686
79.587
81.621
85.556
87.49
89.574
91.591
95.543
107.414
121.285
125.137
127.188
131.106
133.073
135.074
137.058
138.992
145.061
146.995
150.93
153.047
154.864
162.867
166.802
168.786
170.737
172.721
176.856
182.758
184.675
190.678
194.562
198.631
202.465
208.451
214.37
218.421
224.407
228.358
238.178
244.147
246.215
250.2
258.002
260.17
262.037
264.121
266.122
269.99
273.958
276.009
279.961
285.896
289.914
295.75
297.85
299.701
301.802
303.769
305.62
307.654
309.671
325.527
327.545
331.513
333.514
337.432
341.45
349.353
355.322
359.29
361.24
363.225
365.275
371.261
375.079
377.096
385.049
393.086
394.92
401.038
402.872
410.892
412.809
414.827
424.681
426.681
438.702
440.62
442.504
446.555
448.573
458.56
462.528
466.313
468.297
474.299
480.301
482.252
484.286
486.17
492.239
494.189
496.224
500.042
504.126
