4.281
6.098
10.099
12.083
18.169
20.07
21.937
24.104
26.088
33.841
35.909
37.859
41.861
45.896
47.746
49.83
51.748
57.683
67.77
69.637
71.571
73.522
77.64
79.508
81.558
85.543
87.577
89.395
91.512
95.363
107.451
121.339
125.141
127.242
131.193
133.094
135.211
137.212
139.196
145.098
147.049
150.967
152.934
154.868
162.938
166.856
168.857
170.774
172.841
176.793
182.645
184.662
190.631
194.582
198.617
202.585
208.487
214.456
218.408
224.36
228.328
238.282
244.267
246.201
250.119
258.222
260.123
262.073
264.124
266.092
270.11
273.961
276.045
280.047
285.999
289.883
295.836
297.886
299.77
301.754
303.722
305.789
307.823
309.624
325.513
327.58
331.632
333.482
337.434
341.485
349.338
355.34
359.225
361.309
363.36
365.311
371.246
375.164
377.148
385.034
393.071
395.021
400.957
403.007
410.877
412.944
414.828
424.749
426.733
438.587
440.621
442.522
446.59
448.591
458.544
462.462
466.497
468.481
474.467
480.235
482.253
484.37
486.221
492.156
494.107
496.208
500.092
504.044
