4.225
6.109
10.21
12.061
17.98
20.164
22.114
23.982
25.999
34.019
35.97
37.887
41.972
45.84
47.724
49.741
51.775
57.794
67.681
69.565
71.666
73.55
77.551
79.569
81.586
85.521
87.405
89.439
91.44
95.458
107.246
121.301
125.135
127.086
131.021
133.122
135.172
137.006
139.024
144.976
147.01
150.911
152.962
154.88
162.849
166.901
168.801
170.802
172.703
176.788
182.606
184.624
190.643
194.561
198.529
202.58
208.516
214.468
218.286
224.272
228.273
238.243
244.112
246.046
250.131
258.067
259.985
261.935
263.936
266.037
269.822
273.84
275.907
279.809
285.861
289.779
295.714
297.598
299.732
301.633
303.601
305.668
307.585
309.486
325.559
327.443
331.411
333.428
337.263
341.381
349.301
355.153
359.137
361.155
363.172
365.19
371.159
375.143
377.127
385.064
392.95
394.884
400.903
402.87
410.723
412.79
414.641
424.678
426.679
438.433
440.484
442.518
446.436
448.353
458.474
462.392
466.393
468.361
474.163
480.215
482.266
484.166
486.067
492.069
494.087
496.137
499.939
504.04
