4.284
6.102
10.103
12.137
17.973
20.073
21.991
24.108
25.909
33.978
35.946
37.846
41.931
45.782
47.817
49.784
51.701
57.637
67.724
69.708
71.525
73.676
77.661
79.511
81.629
85.497
87.564
89.465
91.516
95.467
107.271
121.21
125.094
127.095
131.163
133.097
135.148
137.015
138.999
144.951
146.985
151.054
152.904
154.938
162.975
166.776
168.743
170.811
172.745
176.846
182.648
184.599
190.618
194.536
198.587
202.539
208.491
214.393
218.328
224.297
228.265
238.318
244.137
246.154
250.139
258.192
260.143
262.077
264.144
265.978
270.096
274.014
276.065
279.883
285.835
289.887
295.806
297.856
299.807
301.658
303.792
305.626
307.676
309.794
325.583
327.55
331.435
333.436
337.437
341.522
349.408
355.277
359.395
361.229
363.213
365.23
371.299
375.151
377.201
385.104
392.94
394.958
401.06
403.011
410.897
412.964
414.765
424.785
426.636
438.657
440.607
442.508
446.66
448.46
458.481
462.399
466.4
468.334
474.303
480.405
482.289
484.256
486.274
492.126
494.277
496.161
500.129
504.03
