4.126
6.076
10.128
12.062
17.997
20.148
22.099
24
26.117
33.903
35.854
37.905
41.789
45.774
47.825
49.876
51.876
57.729
67.632
69.616
71.7
73.651
77.536
79.536
81.654
85.455
87.539
89.523
91.541
95.492
107.247
121.235
125.253
127.22
131.205
133.156
135.023
137.157
139.158
144.977
147.061
150.929
152.947
154.964
162.817
166.735
168.852
170.77
172.687
176.805
182.724
184.608
190.627
194.645
198.513
202.481
208.4
214.469
218.437
224.439
228.407
238.328
244.113
246.064
250.082
258.001
260.136
261.953
263.937
265.988
269.989
273.941
275.841
279.909
285.878
289.863
295.698
297.666
299.683
301.717
303.568
305.602
307.636
309.687
325.459
327.427
331.395
333.396
337.414
341.398
349.351
355.17
359.188
361.122
363.206
365.174
371.193
374.994
377.095
385.048
392.834
394.985
400.803
402.888
410.807
412.658
414.642
424.579
426.579
438.651
440.501
442.552
446.553
448.537
458.458
462.426
466.377
468.261
474.213
480.149
482.1
484.117
486.185
492.17
494.121
496.005
499.973
503.924
