4.107
6.125
10.043
12.127
17.979
19.996
22.014
23.964
25.932
33.935
36.019
37.903
41.871
45.839
47.856
49.757
51.824
57.71
67.78
69.697
71.548
73.549
77.667
79.484
81.618
85.62
87.587
89.505
91.555
95.457
107.461
121.333
125.234
127.135
131.136
133.17
135.171
137.105
139.106
145.091
147.109
151.01
153.027
155.061
162.831
166.782
168.966
170.851
172.851
176.869
182.705
184.655
190.591
194.642
198.727
202.679
208.447
214.4
218.451
224.42
228.455
238.325
244.327
246.178
250.279
258.099
260.049
262.117
264.184
266.001
270.136
274.038
276.088
280.006
286.009
289.927
295.929
297.93
299.897
301.748
303.882
305.866
307.783
309.75
325.64
327.64
331.542
333.592
337.594
341.562
349.348
355.3
359.235
361.252
363.353
365.37
371.339
375.141
377.225
385.111
392.997
395.114
401.083
402.901
410.82
412.988
414.922
424.858
426.709
438.663
440.748
442.748
446.7
448.534
458.637
462.405
466.373
468.441
474.493
480.328
482.279
484.33
486.364
492.283
494.2
496.234
500.302
504.17
