4.238
6.188
10.056
12.14
18.093
19.993
21.961
24.045
25.995
33.965
35.932
37.85
41.851
45.903
47.87
49.704
51.822
57.807
67.727
69.561
71.512
73.629
77.564
79.632
81.532
85.4
87.468
89.435
91.353
95.404
107.358
121.197
125.148
127.116
131.05
133.184
135.185
137.103
139.103
145.039
147.006
150.874
153.042
154.992
162.929
166.897
168.697
170.748
172.849
176.817
182.736
184.653
190.505
194.457
198.608
202.51
208.378
214.347
218.415
224.418
228.219
238.239
244.208
246.226
250.06
258.013
259.997
261.965
264.032
265.949
269.884
273.869
276.003
279.804
285.907
289.891
295.694
297.644
299.812
301.612
303.746
305.614
307.648
309.682
325.421
327.505
331.39
333.374
337.292
341.36
349.296
355.215
359.15
361.267
363.168
365.252
371.038
375.022
377.023
384.943
393.012
395.013
400.782
402.833
410.819
412.736
414.704
424.624
426.675
438.529
440.58
442.547
446.498
448.549
458.403
462.404
466.372
468.423
474.225
480.144
482.228
484.312
486.23
492.182
494.099
496.016
500.135
504.136
