4.185
6.203
10.237
12.105
18.107
20.158
22.025
24.009
25.943
33.896
35.981
37.915
41.866
45.818
47.835
49.819
51.786
57.739
67.709
69.76
71.727
73.645
77.496
79.63
81.648
85.599
87.617
89.601
91.568
95.47
107.458
121.196
125.131
127.282
131.267
133.051
135.168
137.135
139.019
145.072
146.972
150.907
153.008
154.875
162.895
166.93
168.814
170.931
172.749
176.7
182.736
184.737
190.789
194.69
198.525
202.577
208.596
214.581
218.483
224.485
228.42
238.307
244.326
246.293
250.111
258.198
260.048
262.099
264.117
266.084
270.086
273.954
275.954
279.889
285.875
289.91
295.829
297.913
299.73
301.714
303.882
305.849
307.85
309.684
325.557
327.491
331.492
333.51
337.428
341.429
349.482
355.368
359.353
361.253
363.404
365.338
371.19
375.209
377.093
385.162
393.132
395.099
401.052
402.902
410.905
412.89
414.79
424.761
426.861
438.616
440.733
442.751
446.652
448.703
458.54
462.475
466.56
468.561
474.463
480.465
482.432
484.417
486.351
492.22
494.287
496.204
500.156
504.257
