4.232
6.199
10.15
12.118
18.153
19.954
22.105
24.039
26.089
33.909
35.926
37.81
41.962
45.847
47.764
49.848
51.882
57.751
67.738
69.555
71.556
73.573
77.658
79.609
81.493
85.578
87.528
89.596
91.38
95.464
107.302
121.14
125.292
127.209
131.061
133.111
135.212
136.996
139.097
144.982
146.966
150.934
152.985
154.936
162.805
166.94
168.857
170.841
172.725
176.777
182.662
184.63
190.765
194.683
198.701
202.553
208.505
214.524
218.409
224.411
228.379
238.282
244.184
246.285
250.253
258.039
260.207
262.041
264.158
266.126
270.06
273.995
275.963
279.897
285.816
289.901
295.903
297.82
299.688
301.705
303.706
305.64
307.757
309.741
325.614
327.564
331.599
333.533
337.468
341.519
349.372
355.291
359.343
361.343
363.211
365.311
371.28
375.132
377.099
385.152
393.088
395.072
400.957
402.891
410.911
412.978
414.912
424.766
426.8
438.688
440.622
442.556
446.657
448.541
458.478
462.58
466.514
468.348
474.451
480.319
482.22
484.337
486.188
492.29
494.241
496.242
500.176
504.095
