4.191
6.192
10.21
12.127
18.113
20.13
21.948
24.048
25.982
33.935
35.886
37.92
41.905
45.773
47.924
49.908
51.775
57.677
67.598
69.632
71.716
73.6
77.601
79.652
81.553
85.538
87.455
89.439
91.423
95.491
107.412
121.317
125.152
127.203
131.038
133.105
135.173
137.14
139.091
144.976
146.91
150.878
152.862
154.83
162.933
166.934
168.718
170.869
172.686
176.771
182.69
184.574
190.526
194.678
198.579
202.447
208.483
214.535
218.503
224.372
228.24
238.294
244.246
246.147
250.215
258.051
260.085
262.136
264.12
265.937
270.039
273.99
275.907
279.792
285.828
289.846
295.865
297.815
299.783
301.75
303.668
305.602
307.586
309.57
325.592
327.56
331.545
333.395
337.397
341.348
349.301
355.253
359.155
361.239
363.206
365.173
371.059
375.21
377.095
385.081
392.917
395.018
400.903
402.871
410.94
412.791
414.792
424.795
426.729
438.717
440.618
442.568
446.487
448.504
458.558
462.442
466.494
468.311
474.43
480.232
482.283
484.234
486.284
492.103
494.121
496.255
500.206
504.041
