4.211
6.095
10.03
12.197
18.15
19.95
22.034
24.068
26.002
33.972
35.873
37.84
41.958
45.876
47.86
49.811
51.795
57.83
67.751
69.735
71.652
73.669
77.621
79.538
81.489
85.54
87.541
89.442
91.509
95.377
107.298
121.236
125.188
127.088
131.223
133.207
135.108
137.192
139.076
144.945
146.996
150.964
152.931
154.882
162.851
166.736
168.87
170.737
172.788
176.773
182.692
184.792
190.628
194.713
198.664
202.532
208.584
214.353
218.421
224.406
228.241
238.295
244.214
246.281
250.266
258.168
260.052
262.12
264.104
266.071
270.039
273.957
275.958
279.893
285.812
289.93
295.882
297.699
299.867
301.851
303.685
305.819
307.786
309.654
325.609
327.627
331.495
333.579
337.48
341.482
349.401
355.403
359.205
361.255
363.173
365.19
371.275
375.26
377.111
385.064
393.1
395.051
400.969
402.92
410.973
412.924
414.758
424.728
426.745
438.7
440.7
442.701
446.586
448.503
458.39
462.458
466.409
468.327
474.446
480.331
482.265
484.382
486.367
492.285
494.136
496.12
500.221
504.123
