4.278
6.195
10.213
12.164
18.066
20.034
22.001
23.935
26.086
33.905
35.873
37.857
41.958
45.76
47.827
49.844
51.845
57.681
67.618
69.668
71.552
73.636
77.521
79.572
81.656
85.591
87.492
89.476
91.493
95.394
107.265
121.204
125.255
127.256
131.174
133.041
135.126
137.143
138.994
144.979
147.013
150.981
152.899
154.916
162.819
166.804
168.771
170.722
172.739
176.641
182.71
184.66
190.596
194.514
198.549
202.6
208.486
214.338
218.439
224.291
228.259
238.296
244.149
246.216
250.051
258.12
259.954
262.055
264.022
266.04
269.875
273.893
275.81
279.845
285.78
289.765
295.734
297.801
299.619
301.67
303.654
305.604
307.655
309.639
325.528
327.396
331.497
333.314
337.316
341.351
349.387
355.206
359.174
361.241
363.242
365.143
371.145
375.163
377.147
384.9
392.936
394.904
400.939
402.79
410.809
412.86
414.811
424.648
426.698
438.486
440.47
442.604
446.389
448.573
458.443
462.395
466.413
468.414
474.166
480.268
482.135
484.153
486.27
492.106
494.106
496.174
499.958
504.127
