4.228
6.162
10.197
12.081
18.017
20.001
21.985
23.935
26.086
33.956
35.89
37.84
41.892
45.943
47.861
49.728
51.729
57.848
67.701
69.602
71.569
73.57
77.571
79.655
81.64
85.574
87.425
89.442
91.51
95.528
107.432
121.254
125.305
127.089
131.107
133.041
135.209
137.059
139.043
145.029
147.046
150.998
152.982
154.933
162.935
166.803
168.788
170.755
172.706
176.707
182.809
184.677
190.629
194.68
198.532
202.566
208.452
214.437
218.472
224.291
228.459
238.329
244.231
246.165
250.217
258.12
260.037
262.054
264.038
266.006
270.074
273.892
276.043
279.944
285.946
289.798
295.833
297.851
299.835
301.869
303.769
305.637
307.721
309.605
325.644
327.628
331.429
333.613
337.465
341.366
349.286
355.338
359.356
361.29
363.174
365.158
371.277
375.128
377.129
385.049
393.018
394.969
400.938
402.972
410.791
412.925
414.826
424.863
426.697
438.751
440.619
442.603
446.621
448.538
458.442
462.393
466.411
468.362
474.331
480.283
482.217
484.234
486.318
492.304
494.221
496.155
500.123
504.158
