4.231
6.065
10.05
12.101
18.17
20.087
21.954
24.039
25.923
33.959
35.893
37.86
41.795
45.78
47.931
49.798
51.782
57.751
67.721
69.638
71.739
73.556
77.691
79.659
81.626
85.511
87.428
89.546
91.513
95.364
107.352
121.207
125.242
127.242
131.227
133.095
135.029
137.179
139.047
144.949
147.066
150.968
152.902
154.919
162.955
166.807
168.807
170.741
172.892
176.844
182.629
184.63
190.615
194.6
198.568
202.603
208.605
214.541
218.492
224.394
228.262
238.149
244.201
246.235
250.237
258.123
260.157
262.041
264.092
266.092
269.894
273.962
275.913
279.814
285.783
289.734
295.836
297.72
299.838
301.822
303.823
305.773
307.757
309.591
325.464
327.481
331.549
333.383
337.435
341.436
349.289
355.225
359.309
361.293
363.144
365.261
371.23
375.232
377.149
385.169
392.988
394.939
400.891
402.825
410.795
412.829
414.729
424.85
426.767
438.588
440.555
442.606
446.641
448.591
458.562
462.396
466.481
468.432
474.301
480.203
482.237
484.371
486.338
492.14
494.191
496.259
500.11
504.028
