4.085
6.152
10.204
12.221
17.973
20.041
22.141
24.109
26.043
33.896
35.946
38.014
41.782
45.783
47.801
49.851
51.819
57.737
67.774
69.575
71.676
73.71
77.578
79.512
81.596
85.414
87.565
89.382
91.5
95.368
107.289
121.294
125.262
127.112
131.131
133.081
135.049
137.133
139.05
144.986
147.07
151.054
153.038
155.006
162.875
166.827
168.844
170.745
172.796
176.88
182.766
184.666
190.685
194.653
198.605
202.623
208.608
214.427
218.545
224.481
228.382
238.386
244.205
246.289
250.123
258.193
260.01
262.044
264.128
265.996
270.064
273.982
275.916
279.901
285.786
289.754
295.84
297.741
299.725
301.842
303.776
305.81
307.644
309.695
325.617
327.568
331.453
333.403
337.438
341.523
349.376
355.211
359.229
361.297
363.314
365.165
371.1
375.118
377.236
385.039
393.075
394.926
400.961
402.912
410.965
412.832
414.766
424.803
426.654
438.575
440.659
442.643
446.511
448.612
458.582
462.366
466.418
468.452
474.421
480.373
482.307
484.274
486.258
492.177
494.245
496.245
500.263
504.115
