4.121
6.072
10.09
12.024
18.043
20.127
21.978
24.078
26.012
33.899
35.833
37.9
41.785
45.786
47.92
49.771
51.822
57.841
67.594
69.628
71.629
73.58
77.698
79.582
81.633
85.618
87.468
89.552
91.587
95.538
107.326
121.197
125.299
127.266
131.118
133.219
135.153
137.037
139.054
144.99
146.974
151.008
152.892
154.943
163.013
166.898
168.948
170.766
172.783
176.751
182.753
184.788
190.773
194.658
198.676
202.694
208.446
214.415
218.533
224.335
228.337
238.274
244.293
246.293
250.095
258.115
260.132
261.999
264.017
266.067
270.069
274.104
276.071
279.939
285.908
289.86
295.828
297.746
299.696
301.831
303.848
305.682
307.783
309.75
325.539
327.523
331.608
333.626
337.46
341.429
349.315
355.334
359.252
361.252
363.27
365.204
371.139
375.158
377.258
385.111
393.014
395.098
400.884
402.885
410.871
412.855
414.872
424.759
426.81
438.598
440.715
442.749
446.701
448.535
458.572
462.473
466.508
468.359
474.328
480.446
482.23
484.315
486.282
492.251
494.302
496.269
500.12
504.255
