4.157
6.074
10.159
12.16
18.029
20.163
22.114
24.031
25.948
33.951
35.902
37.836
41.821
45.872
47.923
49.89
51.758
57.743
67.73
69.764
71.615
73.549
77.5
79.634
81.635
85.453
87.437
89.438
91.439
95.474
107.411
121.216
125.268
127.302
131.203
133.221
135.205
137.139
139.139
145.042
147.109
151.01
153.011
154.945
162.848
166.95
168.95
170.868
172.902
176.886
182.739
184.656
190.625
194.676
198.694
202.512
208.631
214.433
218.368
224.354
228.355
238.242
244.178
246.228
250.213
258.216
260.133
262.017
264.018
266.002
270.104
273.938
275.989
279.941
286.009
289.894
295.763
297.747
299.898
301.782
303.783
305.833
307.817
309.651
325.691
327.591
331.626
333.593
337.545
341.546
349.333
355.451
359.386
361.42
363.204
365.188
371.224
375.142
377.109
385.146
393.048
395.066
401.101
402.985
411.005
412.856
414.856
424.827
426.761
438.798
440.699
442.583
446.568
448.619
458.606
462.507
466.425
468.359
474.328
480.464
482.398
484.365
486.282
492.368
494.269
496.136
500.304
504.272
