4.277
6.211
10.162
12.096
18.015
20.083
22.1
24.034
26.035
33.921
35.838
37.839
41.924
45.792
47.842
49.76
51.844
57.829
67.766
69.584
71.668
73.535
77.586
79.554
81.521
85.556
87.49
89.474
91.525
95.526
107.364
121.185
125.153
127.187
131.122
133.256
135.24
137.158
139.058
145.144
147.028
150.929
152.947
154.981
163
166.818
168.952
170.953
172.787
176.788
182.657
184.775
190.76
194.678
198.68
202.498
208.466
214.519
218.37
224.389
228.44
238.194
244.312
246.18
250.231
258.034
260.218
262.035
264.136
266.02
270.138
273.973
275.907
279.925
285.994
289.912
295.731
297.765
299.749
301.733
303.7
305.751
307.735
309.652
325.625
327.559
331.627
333.411
337.562
341.447
349.35
355.419
359.387
361.354
363.372
365.189
371.108
375.209
377.06
385.096
393.015
395.033
401.052
403.002
410.788
412.823
414.89
424.777
426.661
438.732
440.632
442.566
446.601
448.669
458.522
462.39
466.542
468.342
474.344
480.313
482.297
484.315
486.215
492.217
494.118
496.119
500.154
504.105
