4.146
6.096
10.181
12.215
18.117
20.101
21.969
24.036
25.903
33.873
36.007
38.008
41.943
45.811
47.895
49.879
51.713
57.648
67.719
69.669
71.57
73.587
77.539
79.523
81.474
85.575
87.426
89.56
91.511
95.529
107.316
121.121
125.156
127.274
131.192
133.026
135.21
137.06
138.994
145.113
146.931
150.982
152.849
154.85
162.92
166.771
168.889
170.723
172.757
176.708
182.594
184.711
190.647
194.498
198.449
202.584
208.42
214.505
218.423
224.325
228.243
238.247
244.216
246.233
250.085
258.088
259.955
262.072
263.923
266.057
269.992
273.993
275.877
279.946
285.831
289.782
295.785
297.685
299.653
301.703
303.621
305.705
307.722
309.69
325.612
327.413
331.498
333.365
337.316
341.318
349.254
355.206
359.258
361.108
363.242
365.16
371.179
374.997
377.047
385
392.953
394.971
400.923
402.823
410.91
412.71
414.861
424.598
426.615
438.62
440.654
442.488
446.606
448.607
458.427
462.428
466.396
468.297
474.249
480.268
482.186
484.253
486.17
492.223
494.157
496.191
500.192
504.043
