4.207
6.074
10.042
12.176
18.078
19.996
21.947
23.931
26.031
33.934
35.952
37.836
41.804
45.905
47.856
49.907
51.707
57.843
67.68
69.631
71.698
73.666
77.584
79.534
81.635
85.537
87.521
89.405
91.389
95.424
107.428
121.183
125.301
127.252
131.07
133.104
135.205
137.156
139.106
145.008
146.976
150.961
152.895
154.912
162.832
166.8
168.834
170.801
172.785
176.803
182.772
184.623
190.742
194.643
198.645
202.58
208.565
214.551
218.502
224.404
228.272
238.226
244.195
246.212
250.097
258.217
260.084
262.168
264.119
266.086
269.938
273.939
276.09
280.058
285.944
289.778
295.797
297.865
299.832
301.799
303.75
305.801
307.668
309.702
325.642
327.509
331.61
333.528
337.529
341.531
349.384
355.452
359.371
361.305
363.239
365.289
371.225
375.126
377.094
385.163
392.966
394.984
400.903
403.07
410.806
412.84
414.924
424.878
426.712
438.7
440.684
442.668
446.703
448.537
458.49
462.392
466.36
468.527
474.496
480.448
482.399
484.216
486.234
492.269
494.153
496.254
500.089
504.107
