4.159
6.193
10.128
12.129
18.031
20.032
21.982
24.05
25.917
34.003
35.871
37.905
41.956
45.774
47.942
49.892
51.76
57.795
67.766
69.666
71.584
73.718
77.569
79.67
81.471
85.472
87.439
89.49
91.424
95.376
107.347
121.252
125.22
127.271
131.172
133.256
135.207
137.158
139.042
145.044
147.028
151.063
152.947
154.897
162.867
166.818
168.802
170.953
172.737
176.755
182.757
184.692
190.61
194.628
198.697
202.615
208.567
214.419
218.404
224.423
228.291
238.378
244.347
246.331
250.265
258.035
260.169
262.07
264.154
266.171
270.006
274.091
276.058
279.993
285.945
289.83
295.865
297.916
299.783
301.734
303.818
305.669
307.686
309.787
325.659
327.644
331.595
333.512
337.48
341.465
349.351
355.37
359.272
361.289
363.34
365.324
371.176
375.094
377.228
384.981
393.017
394.951
401.037
402.954
410.857
412.841
414.775
424.796
426.83
438.701
440.701
442.619
446.52
448.554
458.591
462.459
466.394
468.395
474.38
480.232
482.216
484.384
486.301
492.153
494.237
496.222
500.156
504.041
