4.286
6.27
10.038
12.139
18.091
20.025
21.976
24.093
25.927
34.047
35.848
37.815
41.867
45.785
47.819
49.786
51.77
57.672
67.709
69.593
71.578
73.578
77.646
79.53
81.548
85.433
87.417
89.451
91.585
95.453
107.257
121.196
125.314
127.131
131.099
133.067
135.084
137.202
139.152
144.954
146.955
150.957
152.957
154.958
162.844
166.946
168.813
170.747
172.815
176.799
182.718
184.652
190.605
194.706
198.491
202.459
208.528
214.513
218.515
224.367
228.268
238.239
244.258
246.242
250.126
258.129
260.047
262.181
264.065
266.149
269.917
273.952
275.936
279.921
285.939
289.924
295.86
297.811
299.678
301.812
303.713
305.63
307.764
309.632
325.521
327.621
331.606
333.59
337.408
341.393
349.413
355.265
359.366
361.3
363.335
365.235
371.221
375.172
377.206
385.176
392.945
395.063
400.865
402.949
410.952
412.836
414.803
424.69
426.808
438.562
440.663
442.73
446.648
448.499
458.469
462.488
466.406
468.34
474.442
480.411
482.195
484.379
486.213
492.132
494.283
496.25
500.201
504.22
