4.244
6.094
10.163
12.03
18.065
20.033
21.984
24.001
26.002
33.938
35.855
37.823
41.974
45.909
47.81
49.844
51.844
57.663
67.717
69.668
71.718
73.619
77.654
79.554
81.605
85.54
87.557
89.525
91.392
95.394
107.398
121.353
125.121
127.272
131.257
133.057
135.158
137.092
139.059
145.012
146.962
151.031
152.931
155.065
162.901
166.87
168.97
170.888
172.772
176.907
182.809
184.643
190.712
194.613
198.548
202.633
208.551
214.487
218.488
224.474
228.475
238.262
244.314
246.298
250.167
258.086
260.037
262.171
264.155
266.189
269.99
274.109
276.076
280.061
285.863
289.981
295.933
297.801
299.851
301.785
303.753
305.753
307.704
309.838
325.511
327.545
331.479
333.58
337.548
341.583
349.419
355.438
359.406
361.257
363.358
365.258
371.277
375.245
377.279
385.216
392.985
395.069
400.955
403.089
410.908
412.809
414.793
424.897
426.831
438.702
440.719
442.737
446.571
448.705
458.542
462.477
466.445
468.546
474.365
480.267
482.434
484.352
486.302
492.171
494.172
496.256
500.158
504.209
