4.095
6.113
10.181
12.198
18.067
20.101
22.052
23.919
25.937
33.923
35.824
37.925
41.943
45.761
47.912
49.912
51.88
57.715
67.652
69.536
71.654
73.621
77.606
79.506
81.541
85.575
87.476
89.46
91.378
95.329
107.2
121.138
125.19
127.224
131.042
133.093
135.144
137.011
138.962
144.947
146.965
150.899
152.917
155.001
162.804
166.905
168.873
170.723
172.841
176.826
182.744
184.662
190.597
194.532
198.55
202.618
208.487
214.406
218.341
224.31
228.395
238.265
244.267
246.118
250.169
257.939
259.923
261.94
263.958
265.992
269.877
273.911
275.895
279.914
285.732
289.834
295.636
297.77
299.571
301.738
303.639
305.623
307.69
309.541
325.364
327.414
331.399
333.317
337.368
341.253
349.306
355.191
359.193
361.143
363.194
365.212
371.064
375.149
377.083
385.036
392.988
394.889
400.775
402.892
410.795
412.662
414.846
424.683
426.684
438.622
440.573
442.457
446.525
448.526
458.329
462.331
466.265
468.416
474.335
480.137
482.221
484.155
486.189
492.058
494.109
496.01
499.961
503.946
