4.139
6.207
10.192
12.026
18.145
20.079
21.946
24.013
25.914
33.934
36.001
37.985
41.97
45.788
47.789
49.806
51.857
57.776
67.596
69.597
71.648
73.732
77.666
79.667
81.568
85.586
87.57
89.521
91.405
95.423
107.394
121.249
125.167
127.168
131.153
133.054
135.154
137.072
138.972
145.108
147.042
150.893
153.044
154.878
162.881
166.866
168.75
170.817
172.868
176.853
182.739
184.723
190.625
194.693
198.511
202.462
208.465
214.484
218.502
224.454
228.255
238.326
244.211
246.095
250.097
258.166
260.034
261.968
263.968
266.136
270.037
273.955
276.023
279.941
285.876
289.845
295.83
297.781
299.815
301.699
303.8
305.667
307.618
309.602
325.424
327.575
331.527
333.361
337.445
341.48
349.383
355.285
359.187
361.221
363.155
365.306
371.225
375.109
377.16
385.046
393.066
394.983
400.819
402.836
410.756
412.74
414.741
424.728
426.645
438.533
440.5
442.517
446.552
448.486
458.473
462.341
466.476
468.444
474.279
480.181
482.199
484.233
486.317
492.186
494.086
496.237
500.189
504.007
