4.177
6.178
10.113
12.197
18.016
19.983
22.134
24.001
25.935
33.922
35.956
37.923
41.808
45.826
47.893
49.827
51.895
57.747
67.567
69.701
71.619
73.636
77.571
79.455
81.589
85.474
87.558
89.559
91.559
95.411
107.398
121.237
125.172
127.172
131.124
133.191
135.192
137.076
139.043
145.062
147.013
150.948
152.865
154.982
162.819
166.92
168.904
170.788
172.806
176.657
182.676
184.793
190.629
194.697
198.515
202.566
208.502
214.437
218.406
224.274
228.376
238.263
244.215
246.266
250.234
258.053
260.021
262.071
264.122
266.006
269.958
274.076
275.927
279.961
285.797
289.748
295.9
297.835
299.785
301.836
303.837
305.621
307.621
309.622
325.628
327.512
331.413
333.564
337.532
341.467
349.353
355.356
359.357
361.191
363.275
365.192
371.228
375.129
377.213
385.1
392.936
394.953
400.939
402.99
410.809
412.793
414.927
424.664
426.682
438.569
440.57
442.671
446.655
448.573
458.443
462.528
466.363
468.413
474.432
480.384
482.302
484.203
486.32
492.122
494.189
496.057
500.042
504.11
