4.168
6.068
10.17
12.054
17.989
20.023
21.991
24.108
25.909
33.912
35.896
37.996
41.798
45.766
47.85
49.751
51.835
57.837
67.64
69.574
71.592
73.709
77.511
79.595
81.529
85.497
87.514
89.598
91.566
95.434
107.288
121.276
125.311
127.128
131.23
133.097
135.131
137.049
138.999
145.085
147.069
150.92
153.071
155.055
162.891
166.909
168.91
170.927
172.861
176.846
182.715
184.782
190.634
194.603
198.587
202.655
208.541
214.526
218.511
224.313
228.431
238.235
244.237
246.254
250.289
258.125
260.043
262.177
264.094
265.995
269.963
273.998
275.948
279.95
285.835
289.787
295.772
297.873
299.79
301.824
303.708
305.692
307.693
309.744
325.633
327.5
331.485
333.536
337.37
341.405
349.441
355.327
359.278
361.362
363.23
365.314
371.249
375.251
377.085
385.138
393.074
394.974
400.927
402.911
410.963
412.814
414.848
424.835
426.686
438.607
440.591
442.558
446.626
448.61
458.414
462.499
466.483
468.434
474.32
480.355
482.206
484.173
486.324
492.293
494.243
496.094
500.179
504.13
