4.241
6.242
10.227
12.144
18.18
20.147
21.981
24.115
26.016
33.886
35.97
37.854
41.889
45.873
47.841
49.741
51.726
57.661
67.581
69.766
71.55
73.617
77.568
79.569
81.553
85.455
87.489
89.573
91.557
95.392
107.379
121.218
125.319
127.203
131.205
133.256
135.223
137.057
139.024
145.11
146.944
150.929
153.046
154.93
162.967
166.801
168.902
170.753
172.737
176.772
182.674
184.675
190.627
194.612
198.646
202.565
208.633
214.602
218.537
224.356
228.341
238.411
244.163
246.247
250.149
258.135
260.036
262.187
264.004
266.005
270.023
274.108
275.975
280.027
285.962
289.897
295.949
297.8
299.867
301.901
303.835
305.819
307.803
309.687
325.56
327.577
331.462
333.646
337.514
341.466
349.469
355.404
359.239
361.323
363.357
365.241
371.144
375.312
377.262
385.215
393.085
395.036
400.905
402.955
410.975
412.876
414.96
424.913
426.881
438.785
440.619
442.603
446.688
448.555
458.626
462.477
466.445
468.429
474.482
480.301
482.251
484.369
486.219
492.305
494.356
496.156
500.191
504.109
