4.079
6.079
10.198
12.082
18.067
20.135
21.969
23.986
26.087
34.006
36.007
38.008
41.892
45.844
47.861
49.795
51.796
57.831
67.618
69.636
71.586
73.671
77.605
79.556
81.54
85.608
87.576
89.51
91.41
95.478
107.399
121.254
125.106
127.156
131.225
133.175
135.176
137.027
139.177
145.113
147.097
150.982
152.982
155.05
162.953
166.787
168.805
170.922
172.873
176.874
182.693
184.727
190.679
194.531
198.632
202.467
208.469
214.405
218.523
224.358
228.26
238.263
244.315
246.266
250.084
258.02
260.038
262.138
264.122
266.04
269.958
274.076
275.877
279.912
285.93
289.832
295.884
297.901
299.702
301.819
303.653
305.687
307.622
309.739
325.595
327.495
331.63
333.447
337.482
341.517
349.32
355.339
359.357
361.308
363.242
365.242
371.094
375.096
377.247
385.166
393.036
395.036
401.039
402.856
410.842
412.943
414.894
424.864
426.698
438.735
440.686
442.67
446.555
448.656
458.426
462.444
466.529
468.313
474.282
480.284
482.351
484.335
486.169
492.221
494.239
496.139
500.074
504.126
