4.193
6.244
10.145
12.113
18.148
20.116
22.083
23.934
25.918
33.904
35.938
37.889
41.99
45.808
47.742
49.793
51.894
57.813
67.766
69.617
71.618
73.585
77.57
79.604
81.655
85.49
87.624
89.458
91.575
95.493
107.448
121.236
125.204
127.155
131.273
133.257
135.091
137.058
139.126
145.128
147.029
151.03
152.897
154.898
162.801
166.919
168.787
170.921
172.855
176.756
182.808
184.826
190.778
194.579
198.647
202.599
208.601
214.503
218.505
224.307
228.392
238.312
244.297
246.165
250.166
258.086
260.17
262.07
264.155
266.122
270.14
274.058
275.892
279.994
285.812
289.797
295.799
297.783
299.734
301.752
303.702
305.703
307.754
309.738
325.61
327.628
331.446
333.463
337.565
341.383
349.452
355.421
359.256
361.273
363.207
365.175
371.31
375.145
377.146
385.065
392.935
395.069
400.971
403.022
410.791
412.892
414.793
424.88
426.83
438.735
440.669
442.72
446.704
448.522
458.509
462.51
466.528
468.529
474.414
480.3
482.301
484.301
486.385
492.254
494.322
496.106
500.274
504.142
