4.291
6.125
10.11
12.027
18.063
20.163
21.981
23.948
26.082
33.902
36.002
37.92
41.888
45.839
47.94
49.874
51.725
57.86
67.581
69.631
71.732
73.566
77.534
79.485
81.552
85.604
87.571
89.605
91.456
95.407
107.395
121.25
125.251
127.102
131.087
133.154
135.071
137.122
139.206
144.992
147.126
150.994
152.928
155.062
162.898
166.966
168.884
170.768
172.918
176.853
182.755
184.789
190.658
194.743
198.628
202.512
208.531
214.45
218.535
224.337
228.455
238.259
244.294
246.245
250.196
258.066
260.066
262.167
264.118
266.019
270.087
273.938
275.889
279.957
285.992
289.894
295.896
297.83
299.847
301.681
303.732
305.65
307.667
309.601
325.673
327.541
331.492
333.409
337.544
341.479
349.432
355.351
359.369
361.303
363.354
365.154
371.123
375.158
377.175
384.995
393.014
395.082
400.884
403.001
410.837
412.888
414.805
424.776
426.793
438.731
440.565
442.532
446.517
448.568
458.521
462.373
466.407
468.475
474.344
480.329
482.296
484.214
486.181
492.283
494.234
496.118
500.07
504.121
