4.264
6.231
10.166
12.133
18.169
20.02
22.037
24.121
26.038
34.025
35.842
37.959
41.961
45.895
47.846
49.714
51.798
57.85
67.57
69.704
71.621
73.589
77.607
79.607
81.491
85.426
87.61
89.544
91.462
95.346
107.284
121.206
125.224
127.174
131.193
133.21
135.011
137.111
138.995
144.964
146.998
150.883
153.05
155.034
162.787
166.889
168.806
170.823
172.724
176.759
182.794
184.778
190.764
194.682
198.516
202.618
208.503
214.489
218.457
224.326
228.36
238.214
244.299
246.183
250.118
258.038
260.055
262.089
264.023
266.057
270.025
273.993
276.044
279.879
285.881
289.766
295.784
297.752
299.652
301.637
303.637
305.705
307.622
309.773
325.495
327.479
331.497
333.481
337.466
341.401
349.303
355.406
359.224
361.224
363.308
365.309
371.095
375.113
377.197
385.083
392.969
394.92
401.039
402.823
410.842
412.793
414.843
424.697
426.698
438.535
440.603
442.52
446.605
448.639
458.492
462.377
466.345
468.346
474.381
480.367
482.268
484.185
486.269
492.288
494.172
496.139
500.141
504.192
