4.167
6.068
10.169
12.02
18.039
20.056
22.107
23.941
26.042
33.911
36.012
37.862
41.914
45.932
47.916
49.767
51.851
57.653
67.673
69.574
71.741
73.575
77.527
79.511
81.628
85.463
87.464
89.598
91.548
95.35
107.437
121.309
125.16
127.128
131.163
133.08
135.014
137.048
139.132
145.051
147.085
150.92
152.987
154.905
162.974
166.859
168.876
170.844
172.778
176.796
182.664
184.715
190.601
194.535
198.487
202.572
208.507
214.343
218.461
224.446
228.381
238.201
244.237
246.104
250.189
258.042
259.959
261.943
264.044
266.061
269.996
273.914
276.015
279.816
285.735
289.82
295.805
297.706
299.64
301.707
303.708
305.709
307.743
309.677
325.432
327.433
331.485
333.402
337.337
341.405
349.241
355.16
359.128
361.112
363.213
365.147
371.049
375.134
377.151
384.937
392.857
394.941
400.81
402.96
410.88
412.897
414.815
424.701
426.652
438.69
440.49
442.658
446.609
448.427
458.364
462.298
466.283
468.3
474.403
480.305
482.189
484.206
486.14
492.209
494.16
496.094
500.129
504.113
