4.206
6.224
10.175
12.043
18.012
20.046
22.13
24.047
26.081
33.851
35.968
37.919
41.787
45.905
47.823
49.84
51.858
57.76
67.697
69.698
71.582
73.616
77.617
79.518
81.619
85.554
87.488
89.555
91.523
95.391
107.329
121.201
125.319
127.236
131.171
133.072
135.206
137.157
139.141
145.143
147.044
151.062
153.063
154.93
162.933
166.785
168.785
170.919
172.837
176.805
182.674
184.791
190.777
194.745
198.613
202.681
208.634
214.453
218.571
224.456
228.291
238.295
244.331
246.215
250.249
258.119
260.12
262.054
264.038
266.072
270.157
274.075
276.042
280.011
285.846
289.814
295.75
297.901
299.851
301.852
303.886
305.67
307.821
309.839
325.661
327.645
331.513
333.514
337.466
341.517
349.52
355.372
359.424
361.358
363.376
365.393
371.162
375.13
377.147
385.15
393.087
394.987
400.94
402.99
410.977
412.844
414.828
424.866
426.799
438.721
440.705
442.639
446.724
448.708
458.561
462.546
466.414
468.565
474.334
480.436
482.421
484.438
486.305
492.308
494.225
496.159
500.194
504.095
