4.225
6.194
10.131
12.15
17.972
19.924
22.01
23.895
25.88
33.805
35.74
37.809
41.612
45.55
47.702
49.52
51.522
57.412
67.472
69.307
71.292
73.361
77.248
79.233
81.285
85.123
87.091
89.077
91.029
95.049
106.861
120.708
124.712
126.764
130.618
132.72
134.555
136.507
138.526
144.415
146.517
150.338
152.373
154.358
162.316
166.12
168.139
170.191
172.026
175.98
181.953
183.971
189.994
193.798
197.819
201.873
207.729
213.701
217.588
223.478
227.548
237.475
243.314
245.316
249.237
257.161
259.063
261.132
263.084
265.069
269.09
272.977
275.029
278.966
284.822
288.86
294.732
296.801
298.769
300.688
302.557
304.675
306.561
308.412
324.328
326.264
330.401
332.353
336.224
340.228
348.052
354.075
357.929
359.881
361.933
363.985
369.907
373.878
375.763
383.671
391.579
393.497
399.537
401.422
409.463
411.482
413.367
423.227
425.179
437.108
439.193
441.145
445.016
447.034
456.844
460.865
464.719
466.821
472.777
478.733
480.685
482.52
484.505
490.561
492.563
494.398
498.369
502.239
