4.14
6.174
10.209
12.143
17.979
20.063
22.08
24.097
25.998
34.051
36.002
37.953
41.787
45.755
47.74
49.74
51.891
57.827
67.78
69.698
71.548
73.732
77.517
79.501
81.485
85.453
87.454
89.455
91.572
95.407
107.428
121.2
125.268
127.152
131.17
133.138
135.122
137.006
139.073
144.975
147.093
150.944
153.045
154.979
162.832
166.8
168.884
170.885
172.786
176.754
182.773
184.59
190.676
194.611
198.545
202.53
208.449
214.351
218.353
224.455
228.306
238.21
244.196
246.13
250.214
258.117
260.001
261.969
264.07
265.92
269.888
273.973
275.957
279.825
285.911
289.912
295.865
297.815
299.833
301.667
303.784
305.585
307.686
309.603
325.509
327.51
331.411
333.512
337.363
341.481
349.301
355.187
359.188
361.322
363.156
365.257
371.242
375.094
377.145
385.064
392.95
394.868
401.02
402.988
410.824
412.774
414.742
424.796
426.68
438.684
440.618
442.502
446.57
448.438
458.508
462.476
466.344
468.462
474.331
480.249
482.35
484.218
486.135
492.237
494.138
496.205
500.123
504.125
