4.222
6.206
10.224
12.191
18.127
20.111
22.145
24.112
26.063
34.049
35.9
37.968
41.802
45.954
47.805
49.739
51.756
57.792
67.645
69.746
71.63
73.564
77.599
79.583
81.467
85.535
87.419
89.52
91.454
95.506
107.343
121.215
125.167
127.201
131.135
133.103
135.187
137.104
139.122
145.074
147.075
150.926
152.927
154.894
162.981
166.849
168.816
170.867
172.767
176.836
182.788
184.805
190.557
194.692
198.677
202.612
208.531
214.416
218.401
224.353
228.305
238.308
244.144
246.161
250.18
258.116
260.016
262.167
264.035
265.969
270.054
274.022
275.956
279.941
285.893
289.878
295.896
297.847
299.698
301.765
303.666
305.817
307.718
309.735
325.524
327.542
331.526
333.544
337.562
341.447
349.35
355.352
359.287
361.237
363.255
365.239
371.191
375.092
377.21
385.196
392.932
395.033
400.869
402.953
410.856
412.973
414.907
424.811
426.812
438.683
440.567
442.618
446.669
448.67
458.523
462.375
466.543
468.377
474.346
480.231
482.299
484.333
486.317
492.169
494.203
496.187
500.206
504.074
