4.174
6.108
10.076
12.044
18.029
19.997
21.947
23.981
25.982
34.002
35.936
37.836
41.854
45.923
47.857
49.857
51.891
57.76
67.58
69.714
71.699
73.599
77.501
79.568
81.485
85.437
87.438
89.605
91.572
95.457
107.311
121.216
125.301
127.135
131.203
133.087
135.205
137.172
139.123
145.092
147.009
151.111
152.945
155.062
163.015
166.883
168.784
170.901
172.802
176.887
182.755
184.656
190.742
194.543
198.578
202.596
208.531
214.467
218.435
224.32
228.472
238.342
244.261
246.212
250.147
258.049
260.167
262.017
264.068
266.002
269.954
273.938
275.956
279.957
285.893
289.961
295.746
297.897
299.865
301.749
303.766
305.7
307.767
309.635
325.574
327.658
331.459
333.61
337.478
341.38
349.399
355.251
359.403
361.303
363.388
365.372
371.124
375.125
377.093
385.045
393.015
395.099
401.001
402.985
410.888
412.905
414.89
424.776
426.877
438.615
440.582
442.716
446.684
448.635
458.589
462.573
466.458
468.492
474.378
480.247
482.247
484.365
486.299
492.184
494.135
496.236
500.287
504.072
