4.204
6.188
10.156
12.09
18.059
20.11
22.061
24.095
26.012
33.898
36.032
37.983
41.851
45.952
47.836
49.887
51.788
57.707
67.777
69.744
71.545
73.579
77.614
79.615
81.532
85.567
87.617
89.435
91.419
95.52
107.341
121.246
125.248
127.248
131.166
133.101
135.035
137.052
139.203
145.155
147.039
151.024
153.041
155.058
162.878
166.846
168.88
170.747
172.715
176.783
182.835
184.752
190.638
194.723
198.657
202.592
208.494
214.58
218.448
224.3
228.435
238.238
244.141
246.125
250.193
258.212
260.08
262.014
264.048
266.065
270.067
273.885
275.852
280.02
285.806
289.807
295.726
297.81
299.811
301.761
303.829
305.779
307.63
309.747
325.52
327.454
331.472
333.523
337.457
341.342
349.445
355.314
359.249
361.283
363.2
365.201
371.203
375.121
377.222
385.041
393.061
395.028
400.864
402.864
410.884
412.885
414.885
424.722
426.64
438.694
440.628
442.595
446.563
448.664
458.568
462.386
466.487
468.455
474.323
480.309
482.293
484.36
486.178
492.246
494.297
496.265
500.166
504.017
