4.112
6.146
10.164
12.082
18.167
19.951
21.952
23.969
25.953
33.873
35.94
37.958
41.892
45.827
47.761
49.845
51.846
57.848
67.602
69.552
71.703
73.687
77.489
79.539
81.473
85.608
87.425
89.459
91.527
95.345
107.416
121.238
125.239
127.123
131.108
133.092
135.209
137.16
139.194
145.013
147.13
150.998
153.066
154.966
162.836
166.954
168.838
170.872
172.739
176.691
182.776
184.66
190.746
194.614
198.515
202.55
208.452
214.554
218.439
224.341
228.409
238.28
244.265
246.166
250.251
258.237
260.171
262.005
264.072
266.023
269.941
273.993
276.06
279.995
285.897
289.915
295.834
297.751
299.818
301.702
303.737
305.821
307.721
309.689
325.544
327.678
331.513
333.497
337.482
341.4
349.436
355.355
359.373
361.374
363.291
365.292
371.311
375.279
377.113
385.066
393.102
394.969
400.972
402.989
410.842
412.976
414.776
424.78
426.764
438.635
440.686
442.653
446.605
448.505
458.492
462.46
466.562
468.546
474.415
480.317
482.351
484.335
486.236
492.204
494.222
496.306
500.191
504.159
