4.203
6.154
10.072
12.106
18.158
19.992
21.96
24.077
25.961
33.881
35.865
38.016
41.867
45.752
47.836
49.787
51.737
57.756
67.693
69.594
71.695
73.645
77.58
79.664
81.565
85.483
87.584
89.585
91.419
95.537
107.308
121.18
125.164
127.199
131.217
133.217
135.201
137.119
139.103
145.105
146.956
150.941
153.025
155.042
162.962
166.846
168.914
170.865
172.782
176.717
182.752
184.636
190.705
194.607
198.692
202.61
208.612
214.447
218.499
224.301
228.403
238.289
244.125
246.209
250.077
258.03
260.114
262.165
264.132
265.983
269.985
274.069
275.92
279.938
285.79
289.808
295.711
297.745
299.695
301.663
303.664
305.748
307.632
309.682
325.672
327.489
331.507
333.558
337.543
341.461
349.38
355.349
359.201
361.301
363.336
365.286
371.138
375.173
377.107
385.11
393.113
394.981
400.999
403.017
410.986
412.871
414.888
424.675
426.676
438.647
440.664
442.715
446.583
448.634
458.421
462.522
466.474
468.408
474.31
480.429
482.396
484.214
486.298
492.25
494.167
496.218
500.203
504.087
