4.292
6.226
10.077
12.178
17.997
20.114
22.082
24.049
25.917
33.853
35.904
37.921
41.856
45.907
47.775
49.892
51.876
57.828
67.749
69.633
71.75
73.601
77.652
79.67
81.52
85.605
87.589
89.423
91.541
95.392
107.38
121.185
125.136
127.22
131.239
133.189
135.14
137.041
139.008
145.127
147.128
151.096
152.997
154.981
162.883
166.802
168.919
170.82
172.737
176.739
182.691
184.658
190.727
194.578
198.713
202.631
208.534
214.436
218.504
224.456
228.274
238.311
244.297
246.214
250.099
258.185
260.119
262.103
264.037
266.055
269.956
273.974
275.908
279.993
285.845
289.897
295.732
297.75
299.884
301.818
303.735
305.753
307.653
309.787
325.61
327.477
331.495
333.596
337.548
341.482
349.452
355.287
359.422
361.256
363.34
365.358
371.31
375.295
377.179
385.048
393.085
394.969
401.038
403.005
410.991
412.892
414.843
424.796
426.797
438.685
440.652
442.669
446.521
448.605
458.442
462.56
466.562
468.512
474.398
480.317
482.367
484.318
486.269
492.154
494.172
496.156
500.257
504.259
