4.248
6.265
10.05
12.151
18.136
20.103
22.021
24.072
25.922
33.992
36.009
37.893
41.978
45.863
47.93
49.831
51.715
57.734
67.754
69.571
71.672
73.523
77.691
79.575
81.509
85.544
87.411
89.462
91.496
95.497
107.318
121.156
125.224
127.175
131.193
133.127
135.095
137.062
139.179
145.098
147.082
150.917
153.051
154.885
162.988
166.856
168.823
170.874
172.825
176.793
182.712
184.762
190.748
194.749
198.651
202.569
208.637
214.49
218.408
224.426
228.311
238.248
244.267
246.251
250.269
258.205
260.056
262.09
264.041
266.008
270.143
273.977
276.078
279.913
285.898
289.966
295.819
297.869
299.72
301.821
303.721
305.755
307.673
309.69
325.679
327.497
331.565
333.599
337.5
341.468
349.388
355.39
359.358
361.342
363.309
365.21
371.212
375.28
377.248
385.167
393.02
394.987
401.023
403.057
410.893
412.827
414.794
424.748
426.715
438.653
440.704
442.604
446.689
448.59
458.56
462.395
466.496
468.547
474.399
480.251
482.402
484.419
486.22
492.289
494.273
496.24
500.292
504.21
