4.29
6.157
10.075
12.076
17.978
19.979
22.096
24.03
26.115
33.901
35.851
37.885
41.854
45.938
47.922
49.823
51.79
57.843
67.713
69.58
71.548
73.698
77.633
79.667
81.568
85.553
87.57
89.571
91.521
95.523
107.461
121.282
125.2
127.151
131.202
133.07
135.087
137.221
139.155
145.091
147.025
151.06
153.06
154.978
162.881
166.949
168.849
170.767
172.817
176.736
182.671
184.655
190.774
194.592
198.527
202.695
208.58
214.549
218.384
224.519
228.421
238.308
244.277
246.327
250.279
258.232
260.216
262.1
264.05
266.118
270.036
274.037
276.071
279.923
285.992
289.843
295.828
297.796
299.797
301.847
303.865
305.765
307.816
309.667
325.573
327.607
331.558
333.592
337.46
341.562
349.431
355.417
359.368
361.235
363.269
365.32
371.139
375.224
377.158
385.077
392.997
395.114
400.933
403
410.92
412.921
414.888
424.825
426.692
438.713
440.697
442.731
446.583
448.65
458.637
462.489
466.573
468.407
474.343
480.395
482.262
484.397
486.331
492.166
494.25
496.284
500.252
504.07
