4.151
6.152
10.103
12.204
18.106
19.974
22.074
24.058
25.909
33.879
35.979
37.997
41.798
45.883
47.834
49.768
51.835
57.821
67.607
69.575
71.675
73.626
77.694
79.478
81.462
85.43
87.481
89.565
91.583
95.551
107.438
121.21
125.211
127.162
131.18
133.114
135.132
137.132
139.083
145.135
147.019
150.971
153.005
155.005
162.958
166.793
168.794
170.928
172.778
176.68
182.649
184.699
190.768
194.72
198.604
202.606
208.575
214.393
218.462
224.397
228.415
238.219
244.288
246.255
250.24
258.109
260.01
262.011
264.161
265.995
270.08
274.065
275.899
279.884
286.003
289.771
295.806
297.823
299.741
301.842
303.742
305.726
307.76
309.678
325.5
327.601
331.469
333.486
337.554
341.539
349.392
355.261
359.296
361.396
363.247
365.281
371.216
375.118
377.085
385.021
393.141
394.992
400.961
402.995
410.981
412.798
414.966
424.852
426.87
438.691
440.725
442.709
446.71
448.594
458.448
462.433
466.401
468.385
474.404
480.256
482.256
484.34
486.208
492.227
494.244
496.128
500.113
504.131
