4.206
6.19
10.174
12.058
18.027
20.145
22.145
24.046
26.08
34.016
35.884
37.818
41.936
45.871
47.838
49.872
51.723
57.858
67.778
69.679
71.58
73.531
77.682
79.583
81.483
85.585
87.519
89.553
91.42
95.472
107.459
121.331
125.132
127.1
131.068
133.135
135.169
137.07
139.187
145.04
147.14
150.992
152.959
154.91
162.846
166.847
168.915
170.849
172.8
176.768
182.686
184.837
190.723
194.674
198.626
202.677
208.629
214.565
218.383
224.401
228.353
238.24
244.309
246.226
250.111
258.064
260.198
262.065
264.132
266.116
270.001
274.103
276.087
280.038
285.874
289.858
295.777
297.895
299.912
301.829
303.863
305.781
307.798
309.665
325.638
327.689
331.507
333.641
337.575
341.577
349.463
355.282
359.283
361.267
363.401
365.302
371.171
375.239
377.206
385.176
393.095
395.129
400.998
403.049
410.885
412.903
414.903
424.873
426.874
438.595
440.646
442.697
446.665
448.649
458.486
462.604
466.572
468.422
474.308
480.427
482.311
484.311
486.346
492.348
494.315
496.182
500.134
504.085
