4.254
6.188
10.039
12.123
18.025
20.026
22.06
24.027
26.012
33.981
35.948
38.016
41.984
45.952
47.819
49.737
51.704
57.723
67.727
69.577
71.645
73.512
77.497
79.481
81.599
85.533
87.384
89.501
91.402
95.504
107.308
121.23
125.131
127.065
131.083
133.001
135.001
137.036
139.136
144.938
147.039
150.924
153.008
154.942
162.928
166.713
168.697
170.731
172.815
176.8
182.602
184.57
190.689
194.607
198.541
202.46
208.512
214.481
218.332
224.268
228.286
238.189
244.175
246.209
250.094
258.047
259.947
261.998
263.915
265.883
270.001
273.969
275.936
279.921
285.79
289.692
295.644
297.778
299.662
301.629
303.647
305.664
307.648
309.616
325.405
327.522
331.407
333.374
337.442
341.394
349.297
355.232
359.1
361.201
363.085
365.219
371.071
375.123
377.14
385.01
392.996
394.93
400.799
402.866
410.853
412.737
414.687
424.624
426.708
438.563
440.58
442.531
446.382
448.566
458.353
462.355
466.373
468.257
474.309
480.278
482.212
484.246
486.147
492.066
494.083
496.167
500.069
504.07
