4.122
6.141
10.178
12.097
17.903
20.022
21.907
23.926
25.811
33.886
35.687
37.639
41.76
45.748
47.716
49.668
51.57
57.409
67.386
69.271
71.307
73.375
77.179
79.281
81.3
85.154
87.106
89.025
91.027
95.114
106.876
120.84
124.727
126.663
130.683
132.602
134.687
136.673
138.625
144.414
146.382
150.32
152.472
154.257
162.332
166.252
168.188
170.19
172.108
175.996
182.085
183.937
189.943
193.864
197.884
201.688
207.811
213.617
217.638
223.66
227.548
237.391
243.38
245.282
249.286
257.261
259.28
261.148
263.167
265.019
269.04
273.077
274.879
278.983
284.906
288.709
294.849
296.651
298.753
300.605
302.623
304.642
306.561
308.446
324.412
326.297
330.218
332.187
336.307
340.228
348.136
354.042
358.113
360.065
362.017
363.935
369.908
373.879
375.764
383.622
391.53
393.549
399.538
401.523
409.515
411.483
413.302
423.195
425.147
437.209
439.028
440.996
445.084
447.019
456.812
460.766
464.804
466.706
472.628
478.651
480.72
482.588
484.49
490.446
492.582
494.55
498.454
502.375
