4.164
6.232
10.133
12.184
17.969
20.137
22.104
23.922
25.939
33.858
35.943
37.977
41.911
45.846
47.93
49.898
51.732
57.734
67.771
69.571
71.722
73.54
77.574
79.642
81.476
85.527
87.511
89.395
91.446
95.364
107.402
121.257
125.092
127.276
131.177
133.195
135.145
137.163
139.13
144.949
146.933
151.068
152.969
154.986
162.906
166.79
168.858
170.708
172.876
176.794
182.763
184.797
190.632
194.55
198.518
202.503
208.439
214.358
218.426
224.311
228.396
238.166
244.319
246.169
250.121
258.007
260.108
262.025
263.959
266.01
270.011
274.029
275.997
279.998
285.834
289.752
295.737
297.821
299.872
301.806
303.657
305.724
307.608
309.626
325.615
327.532
331.584
333.584
337.402
341.487
349.34
355.376
359.36
361.378
363.362
365.279
371.248
375.066
377.1
385.12
393.023
395.057
401.059
402.926
410.979
412.88
414.947
424.668
426.768
438.639
440.64
442.691
446.509
448.493
458.447
462.431
466.466
468.417
474.469
480.371
482.289
484.339
486.207
492.176
494.126
496.16
500.128
504.097
