4.279
6.263
10.098
12.048
17.967
20.035
21.969
24.103
25.987
33.973
35.924
37.824
41.793
45.777
47.911
49.779
51.763
57.665
67.585
69.736
71.57
73.521
77.606
79.49
81.54
85.425
87.459
89.577
91.411
95.396
107.433
121.188
125.223
127.157
131.059
133.059
135.194
137.161
138.978
144.914
147.081
150.966
152.983
154.951
162.904
166.922
168.856
170.707
172.791
176.826
182.678
184.628
190.547
194.665
198.517
202.552
208.554
214.406
218.307
224.443
228.344
238.215
244.184
246.134
250.219
258.005
260.023
262.107
263.924
265.942
269.976
273.878
275.829
279.98
285.916
289.784
295.736
297.72
299.787
301.705
303.689
305.706
307.674
309.624
325.614
327.564
331.532
333.483
337.501
341.403
349.356
355.241
359.259
361.16
363.194
365.195
371.23
375.032
377.049
385.019
392.888
395.006
400.925
402.809
410.745
412.879
414.88
424.65
426.651
438.505
440.589
442.49
446.525
448.442
458.362
462.414
466.432
468.416
474.385
480.187
482.255
484.172
486.156
492.225
494.109
496.126
500.078
504.113
