4.08
6.265
10.033
12.15
18.052
19.97
22.104
24.004
26.022
34.025
35.992
37.926
41.777
45.762
47.763
49.88
51.881
57.817
67.57
69.621
71.705
73.639
77.657
79.591
81.575
85.543
87.561
89.445
91.495
95.514
107.401
121.206
125.241
127.075
131.06
133.127
135.011
137.062
139.163
145.115
147.016
150.934
152.918
154.852
162.938
166.923
168.874
170.774
172.775
176.776
182.629
184.763
190.765
194.616
198.584
202.669
208.555
214.423
218.425
224.294
228.395
238.215
244.151
246.235
250.103
258.073
260.19
262.024
263.991
266.126
269.96
274.095
275.946
279.864
285.933
289.884
295.72
297.704
299.738
301.722
303.839
305.74
307.774
309.608
325.664
327.481
331.583
333.617
337.501
341.453
349.422
355.308
359.326
361.377
363.361
365.161
371.247
375.248
377.132
385.019
393.122
395.072
401.008
402.975
410.845
412.912
414.846
424.783
426.667
438.605
440.756
442.606
446.541
448.608
458.612
462.447
466.432
468.449
474.334
480.253
482.421
484.255
486.289
492.274
494.225
496.159
500.144
504.129
