4.207
6.191
10.175
12.193
18.078
20.012
22.013
23.98
25.998
33.934
35.901
38.019
41.82
45.921
47.789
49.79
51.707
57.659
67.596
69.763
71.681
73.681
77.499
79.634
81.668
85.586
87.536
89.604
91.471
95.506
107.327
121.165
125.15
127.217
131.119
133.219
135.203
137.087
139.022
145.14
147.108
151.042
153.077
155.027
162.797
166.898
168.866
170.75
172.767
176.802
182.671
184.638
190.573
194.558
198.593
202.594
208.446
214.549
218.533
224.285
228.42
238.257
244.293
246.143
250.261
258.081
260.165
261.982
264.05
265.95
269.952
273.887
275.871
279.872
285.891
289.842
295.894
297.728
299.662
301.847
303.814
305.798
307.782
309.716
325.655
327.489
331.474
333.508
337.376
341.494
349.347
355.299
359.317
361.268
363.169
365.269
371.255
375.09
377.074
384.976
392.913
394.997
400.999
402.916
410.969
412.903
414.837
424.774
426.825
438.662
440.58
442.497
446.465
448.466
458.503
462.338
466.439
468.306
474.425
480.361
482.195
484.212
486.129
492.182
494.116
496.2
500.201
504.019
