4.078
6.128
10.18
12.147
18.016
19.967
22.001
23.935
25.952
34.005
35.823
37.907
41.875
45.876
47.727
49.761
51.778
57.647
67.768
69.668
71.652
73.72
77.621
79.572
81.506
85.624
87.475
89.576
91.443
95.344
107.349
121.137
125.172
127.089
131.191
133.042
135.209
137.193
139.177
145.046
146.997
151.082
152.949
155.016
162.869
166.887
168.922
170.939
172.823
176.891
182.777
184.627
190.596
194.714
198.632
202.684
208.503
214.555
218.473
224.342
228.477
238.397
244.333
246.2
250.285
258.138
260.138
262.139
264.023
266.024
270.009
274.094
276.011
279.912
285.998
289.966
295.802
297.869
299.886
301.887
303.721
305.789
307.689
309.773
325.646
327.53
331.598
333.482
337.484
341.535
349.321
355.44
359.325
361.292
363.376
365.294
371.129
375.114
377.065
385.168
393.037
394.971
400.873
402.891
410.827
412.911
414.879
424.832
426.7
438.654
440.571
442.605
446.557
448.608
458.428
462.496
466.448
468.448
474.484
480.386
482.37
484.321
486.355
492.29
494.124
496.225
500.093
504.245
