4.198
6.215
10.05
12.084
18.119
20.07
22.054
24.055
26.006
33.925
35.993
37.877
41.945
45.879
47.847
49.831
51.698
57.7
67.57
69.671
71.572
73.723
77.557
79.658
81.475
85.61
87.544
89.395
91.529
95.447
107.285
121.19
125.074
127.058
131.11
133.127
135.078
137.162
138.979
145.115
146.949
151.034
152.884
155.018
162.771
166.923
168.84
170.857
172.808
176.726
182.662
184.612
190.598
194.583
198.617
202.635
208.521
214.506
218.508
224.41
228.411
238.165
244.267
246.101
250.136
258.055
259.989
262.09
264.007
266.025
269.96
273.961
275.895
279.98
285.799
289.883
295.786
297.72
299.804
301.754
303.672
305.672
307.706
309.657
325.646
327.63
331.565
333.532
337.517
341.452
349.321
355.357
359.325
361.159
363.193
365.16
371.246
375.181
377.215
385.101
392.904
394.954
401.007
402.907
410.827
412.844
414.761
424.732
426.799
438.687
440.621
442.571
446.473
448.524
458.477
462.362
466.313
468.464
474.45
480.302
482.202
484.253
486.304
492.306
494.223
496.224
500.059
504.027
