4.085
6.069
10.104
12.138
18.174
20.141
22.142
24.042
26.076
33.979
35.963
37.881
41.982
45.784
47.918
49.735
51.702
57.721
67.658
69.592
71.743
73.627
77.528
79.663
81.547
85.465
87.482
89.516
91.484
95.535
107.289
121.261
125.112
127.263
131.048
133.082
135.049
137.017
139.034
145.12
147.104
151.055
152.922
154.973
162.943
166.844
168.778
170.829
172.863
176.714
182.65
184.801
190.636
194.671
198.572
202.59
208.543
214.445
218.396
224.432
228.416
238.303
244.239
246.156
250.158
258.144
260.111
262.112
264.063
266.063
270.048
274.066
275.967
279.868
285.787
289.955
295.858
297.692
299.859
301.71
303.694
305.761
307.779
309.613
325.485
327.469
331.487
333.421
337.406
341.407
349.344
355.312
359.331
361.215
363.165
365.249
371.252
375.203
377.204
385.023
392.993
395.044
400.846
402.996
410.849
412.85
414.801
424.838
426.738
438.543
440.527
442.611
446.496
448.513
458.55
462.418
466.369
468.303
474.456
480.208
482.292
484.309
486.243
492.229
494.129
496.18
500.065
504.116
