4.117
6.235
10.153
12.12
18.072
20.056
22.007
24.108
26.109
33.895
35.829
37.946
41.881
45.799
47.916
49.8
51.768
57.703
67.623
69.741
71.741
73.609
77.577
79.494
81.578
85.596
87.614
89.514
91.515
95.367
107.388
121.292
125.311
127.228
131.179
133.18
135.164
137.148
139.082
145.134
147.118
151.07
152.904
154.971
162.941
166.775
168.859
170.893
172.811
176.796
182.781
184.682
190.634
194.702
198.553
202.605
208.557
214.592
218.394
224.429
228.481
238.384
244.236
246.337
250.305
258.124
260.092
262.126
264.177
266.027
270.112
273.997
275.897
280.066
285.918
289.836
295.821
297.889
299.756
301.89
303.757
305.708
307.659
309.66
325.548
327.516
331.484
333.568
337.519
341.404
349.424
355.326
359.311
361.245
363.312
365.246
371.231
375.216
377.1
385.036
393.073
395.023
400.959
402.959
410.996
412.946
414.947
424.767
426.868
438.739
440.756
442.69
446.658
448.692
458.446
462.481
466.399
468.383
474.452
480.27
482.404
484.255
486.372
492.191
494.159
496.209
500.277
504.179
