4.245
6.063
10.214
12.215
18.167
20.134
21.952
24.102
25.936
33.989
35.89
37.924
41.892
45.793
47.744
49.861
51.762
57.781
67.734
69.602
71.702
73.603
77.521
79.555
81.506
85.607
87.425
89.576
91.46
95.444
107.282
121.27
125.238
127.172
131.24
133.224
135.142
137.209
139.076
145.045
146.929
150.997
153.065
154.965
162.851
166.953
168.954
170.904
172.788
176.706
182.692
184.759
190.728
194.663
198.581
202.482
208.568
214.486
218.521
224.473
228.425
238.245
244.297
246.281
250.182
258.135
260.153
262.037
264.171
266.021
269.956
274.008
275.975
279.926
286.012
289.83
295.849
297.766
299.767
301.717
303.685
305.752
307.67
309.82
325.559
327.677
331.528
333.612
337.547
341.498
349.434
355.286
359.388
361.205
363.323
365.307
371.259
375.21
377.261
385.064
392.983
395.067
401.069
402.903
410.99
412.773
414.791
424.878
426.728
438.633
440.567
442.584
446.585
448.653
458.506
462.391
466.359
468.493
474.362
480.364
482.382
484.266
486.216
492.335
494.169
496.303
500.138
504.156
