4.143
6.143
10.061
12.212
18.131
20.115
22.016
24.016
25.934
33.853
35.854
37.971
41.789
45.791
47.808
49.742
51.91
57.862
67.649
69.766
71.75
73.567
77.635
79.619
81.554
85.505
87.472
89.523
91.39
95.358
107.329
121.151
125.119
127.203
131.054
133.089
135.089
137.057
139.041
144.926
147.027
150.912
153.062
155.013
162.949
166.784
168.918
170.852
172.719
176.837
182.723
184.757
190.609
194.677
198.662
202.53
208.449
214.434
218.319
224.404
228.322
238.226
244.161
246.229
250.047
257.983
260.117
261.984
264.085
265.969
269.987
273.855
276.006
279.891
285.943
289.761
295.88
297.764
299.681
301.682
303.783
305.667
307.601
309.751
325.49
327.458
331.576
333.493
337.445
341.463
349.265
355.234
359.169
361.336
363.254
365.171
371.24
375.041
377.042
385.095
392.948
394.982
400.85
402.968
410.954
412.938
414.922
424.809
426.676
438.731
440.515
442.499
446.65
448.551
458.521
462.439
466.457
468.441
474.327
480.395
482.213
484.363
486.231
492.15
494.167
496.234
500.236
504.104
