4.274
6.125
10.21
12.177
17.996
20.047
22.014
23.998
26.015
33.985
35.952
37.92
41.905
45.889
47.907
49.891
51.825
57.827
67.581
69.682
71.599
73.566
77.684
79.585
81.536
85.437
87.621
89.606
91.506
95.474
107.279
121.251
125.169
127.136
131.088
133.088
135.072
137.123
139.024
144.993
147.143
150.978
152.896
154.98
162.899
166.984
168.818
170.886
172.786
176.871
182.84
184.824
190.76
194.678
198.529
202.664
208.499
214.502
218.52
224.372
228.357
238.21
244.313
246.147
250.198
258.068
260.202
262.203
264.153
266.054
269.989
274.09
275.974
280.042
285.861
289.796
295.865
297.699
299.683
301.8
303.701
305.769
307.703
309.67
325.676
327.66
331.461
333.495
337.564
341.482
349.435
355.253
359.222
361.239
363.24
365.207
371.176
375.177
377.095
385.014
392.951
394.935
401.037
402.921
410.941
412.758
414.942
424.746
426.763
438.551
440.735
442.669
446.687
448.488
458.425
462.41
466.361
468.495
474.447
480.25
482.317
484.234
486.268
492.121
494.188
496.222
500.107
504.075
