4.195
6.213
10.081
12.182
18.034
19.951
21.985
23.936
25.903
33.889
35.957
37.808
41.859
45.744
47.778
49.795
51.846
57.665
67.585
69.719
71.62
73.537
77.555
79.656
81.624
85.525
87.592
89.393
91.427
95.495
107.316
121.238
125.256
127.24
131.092
133.059
135.026
137.21
139.111
145.03
147.014
150.899
152.883
154.867
162.836
166.921
168.772
170.923
172.74
176.742
182.827
184.644
190.78
194.748
198.533
202.684
208.62
214.572
218.473
224.309
228.477
238.314
244.149
246.267
250.102
258.188
259.989
262.073
264.123
265.991
270.026
273.877
275.961
279.962
285.865
289.933
295.702
297.869
299.836
301.72
303.654
305.805
307.756
309.607
325.546
327.613
331.448
333.565
337.467
341.535
349.371
355.257
359.341
361.359
363.36
365.31
371.112
375.181
377.248
385.167
393.12
395.088
400.857
402.841
410.894
412.811
414.928
424.865
426.749
438.57
440.738
442.705
446.49
448.541
458.428
462.479
466.447
468.364
474.317
480.219
482.22
484.22
486.188
492.273
494.124
496.141
500.259
504.077
