4.09
6.174
10.109
12.026
18.178
20.112
21.98
24.064
26.048
33.951
35.951
37.835
41.854
45.822
47.923
49.79
51.907
57.709
67.663
69.631
71.665
73.565
77.633
79.684
81.668
85.62
87.47
89.555
91.439
95.39
107.444
121.216
125.318
127.268
131.22
133.254
135.055
137.172
139.039
145.142
147.059
151.111
152.928
155.045
162.882
166.916
168.817
170.918
172.869
176.887
182.839
184.723
190.775
194.66
198.595
202.68
208.632
214.451
218.369
224.471
228.322
238.393
244.245
246.146
250.164
258.217
260.068
262.051
264.102
266.003
270.021
274.006
276.007
279.925
285.844
289.812
295.914
297.831
299.849
301.833
303.784
305.751
307.652
309.702
325.592
327.492
331.594
333.545
337.429
341.514
349.384
355.419
359.404
361.371
363.205
365.29
371.325
375.31
377.161
385.164
393
395.034
400.969
402.903
410.923
412.94
414.808
424.745
426.829
438.8
440.717
442.668
446.703
448.62
458.574
462.575
466.51
468.478
474.413
480.382
482.316
484.333
486.284
492.253
494.17
496.138
500.289
504.191
