4.174
6.075
10.043
12.027
18.163
19.963
21.947
24.031
26.116
33.885
35.969
37.97
41.788
45.923
47.74
49.791
51.825
57.644
67.647
69.548
71.565
73.666
77.501
79.535
81.636
85.404
87.438
89.572
91.373
95.508
107.329
121.117
125.102
127.252
131.204
133.021
135.105
137.106
139.123
144.976
146.926
150.961
152.862
154.979
162.949
166.834
168.851
170.785
172.752
176.854
182.673
184.673
190.692
194.61
198.612
202.63
208.482
214.418
218.486
224.421
228.356
238.16
244.245
246.129
250.131
258.034
260.018
262.118
263.952
266.02
269.905
273.989
276.04
280.008
285.977
289.878
295.697
297.781
299.765
301.85
303.75
305.668
307.802
309.769
325.491
327.509
331.61
333.544
337.446
341.347
349.434
355.419
359.337
361.355
363.355
365.306
371.275
375.126
377.177
385.013
392.933
395.067
400.886
402.936
410.939
412.957
414.874
424.844
426.678
438.666
440.7
442.501
446.619
448.536
458.54
462.525
466.343
468.36
474.329
480.398
482.265
484.183
486.25
492.169
494.12
496.137
500.089
504.04
