4.255
6.255
10.24
12.057
18.11
20.144
22.061
23.945
25.913
33.882
35.9
37.984
41.918
45.77
47.804
49.855
51.805
57.757
67.628
69.762
71.546
73.68
77.648
79.499
81.616
85.551
87.418
89.502
91.553
95.454
107.375
121.297
125.265
127.083
131.151
133.051
135.185
137.019
139.154
145.122
147.006
151.058
153.009
154.876
162.812
166.797
168.881
170.865
172.849
176.734
182.669
184.703
190.739
194.557
198.592
202.527
208.545
214.398
218.416
224.385
228.386
238.19
244.175
246.142
250.061
258.163
260.031
262.065
264.082
266.133
270.101
273.869
275.92
279.921
285.974
289.758
295.71
297.728
299.862
301.796
303.83
305.614
307.698
309.649
325.655
327.455
331.44
333.591
337.542
341.327
349.313
355.215
359.35
361.251
363.152
365.319
371.221
375.206
377.057
384.993
393.079
395.063
400.865
402.833
410.919
412.953
414.887
424.841
426.725
438.696
440.73
442.647
446.565
448.633
458.536
462.421
466.472
468.323
474.409
480.244
482.378
484.346
486.246
492.165
494.199
496.267
500.168
504.119
