4.215
6.149
10.084
12.202
18.154
20.038
21.972
24.123
26.107
33.843
35.894
37.828
41.846
45.798
47.915
49.766
51.667
57.636
67.606
69.64
71.608
73.558
77.56
79.444
81.595
85.53
87.464
89.498
91.449
95.5
107.221
121.26
125.195
127.129
131.097
133.014
135.065
137.016
139.017
144.969
147.036
150.938
152.955
154.806
162.742
166.727
168.728
170.729
172.68
176.798
182.567
184.567
190.536
194.588
198.423
202.391
208.41
214.496
218.33
224.233
228.301
238.188
244.09
246.091
250.176
257.962
260.096
262.03
263.931
265.915
269.9
273.952
275.986
279.837
285.856
289.808
295.81
297.794
299.778
301.762
303.63
305.68
307.614
309.582
325.455
327.572
331.357
333.441
337.426
341.277
349.28
355.283
359.317
361.302
363.086
365.236
371.205
375.124
376.991
384.927
392.864
394.898
400.883
402.917
410.737
412.855
414.705
424.792
426.577
438.681
440.665
442.566
446.567
448.535
458.472
462.49
466.375
468.359
474.295
480.314
482.264
484.165
486.099
492.102
494.036
496.07
500.121
503.939
