4.27
6.221
10.072
12.223
17.992
20.159
21.943
23.927
25.978
34.048
35.932
37.882
41.967
45.902
47.869
49.787
51.888
57.706
67.777
69.761
71.595
73.662
77.697
79.581
81.632
85.633
87.484
89.585
91.452
95.47
107.374
121.196
125.114
127.098
131.216
133.15
135.201
137.069
138.986
145.105
147.022
151.074
152.958
154.925
162.861
166.763
168.897
170.731
172.748
176.783
182.652
184.753
190.721
194.673
198.591
202.492
208.461
214.43
218.315
224.4
228.368
238.272
244.107
246.208
250.193
258.179
260.163
262.147
264.098
266.049
270.034
273.935
275.836
279.97
285.806
289.807
295.86
297.76
299.661
301.828
303.696
305.73
307.581
309.565
325.554
327.438
331.473
333.523
337.425
341.359
349.262
355.331
359.249
361.317
363.151
365.218
371.07
375.088
377.156
384.959
393.028
394.896
400.814
402.815
410.918
412.852
414.87
424.723
426.657
438.545
440.629
442.53
446.581
448.432
458.452
462.354
466.422
468.389
474.325
480.293
482.327
484.145
486.212
492.081
494.198
496.132
500.117
504.185
