4.083
6.201
10.119
12.036
18.039
20.123
22.107
24.024
26.025
34.011
36.028
37.862
41.897
45.765
47.899
49.85
51.834
57.82
67.69
69.674
71.658
73.576
77.61
79.544
81.645
85.463
87.564
89.398
91.482
95.484
107.338
121.16
125.195
127.179
131.197
133.131
135.148
136.999
139.15
145.085
147.086
150.937
153.005
155.005
162.858
166.726
168.861
170.811
172.762
176.747
182.666
184.766
190.669
194.67
198.555
202.623
208.525
214.511
218.462
224.448
228.399
238.269
244.238
246.072
250.074
258.143
260.061
262.128
264.112
265.93
269.931
273.882
276
279.968
285.77
289.772
295.741
297.775
299.792
301.826
303.61
305.677
307.578
309.729
325.485
327.586
331.37
333.371
337.389
341.291
349.36
355.296
359.214
361.231
363.115
365.166
371.218
375.07
377.037
385.057
392.91
394.86
401.013
402.847
410.916
412.9
414.851
424.755
426.805
438.71
440.577
442.545
446.629
448.63
458.534
462.435
466.403
468.454
474.389
480.308
482.159
484.243
486.127
492.113
494.263
496.231
500.132
504
