4.195
6.263
10.097
12.148
18.1
20.034
22.018
24.069
25.97
33.889
35.923
37.991
41.876
45.927
47.778
49.912
51.729
57.848
67.602
69.703
71.703
73.554
77.672
79.623
81.64
85.442
87.542
89.527
91.577
95.495
107.383
121.288
125.156
127.124
131.092
133.076
135.11
137.177
139.161
145.064
147.081
150.949
153.017
155.051
162.854
166.855
168.856
170.923
172.791
176.792
182.778
184.728
190.58
194.515
198.667
202.635
208.504
214.439
218.324
224.309
228.361
238.281
244.183
246.268
250.102
258.072
260.106
262.057
264.041
266.092
269.976
274.028
276.029
279.913
285.882
289.767
295.869
297.72
299.854
301.638
303.722
305.656
307.623
309.758
325.563
327.614
331.549
333.533
337.368
341.336
349.289
355.224
359.309
361.227
363.161
365.295
371.214
375.115
377.132
385.069
392.938
395.006
400.874
402.992
410.945
412.896
414.846
424.817
426.667
438.538
440.572
442.64
446.575
448.625
458.462
462.447
466.465
468.299
474.368
480.204
482.288
484.222
486.173
492.241
494.292
496.16
500.094
504.162
