4.175
6.125
10.177
12.044
18.096
20.014
22.064
23.932
26.032
33.885
36.019
37.837
41.805
45.823
47.74
49.874
51.842
57.811
67.764
69.565
71.682
73.7
77.634
79.502
81.502
85.621
87.555
89.522
91.539
95.524
107.445
121.334
125.118
127.219
131.137
133.238
135.039
137.089
139.023
145.109
146.943
151.078
152.878
155.046
162.982
166.934
168.918
170.818
172.819
176.704
182.689
184.79
190.759
194.577
198.645
202.513
208.599
214.517
218.486
224.438
228.289
238.259
244.228
246.246
250.114
258.05
260.217
262.068
264.019
266.036
269.938
273.922
275.99
279.908
285.91
289.861
295.864
297.798
299.748
301.682
303.8
305.684
307.685
309.802
325.524
327.475
331.493
333.594
337.429
341.497
349.366
355.402
359.32
361.254
363.221
365.372
371.241
375.259
377.11
385.079
392.949
395.1
401.035
403.002
410.872
412.789
414.857
424.794
426.778
438.782
440.566
442.6
446.652
448.602
458.523
462.457
466.425
468.543
474.462
480.397
482.298
484.399
486.383
492.252
494.236
496.286
500.271
504.056
