4.112
6.23
10.031
12.165
18.034
20.085
21.936
24.053
25.937
33.873
35.991
38.008
41.809
45.927
47.795
49.829
51.763
57.748
67.602
69.636
71.553
73.721
77.622
79.473
81.49
85.458
87.476
89.527
91.577
95.462
107.416
121.138
125.206
127.09
131.092
133.126
135.11
137.094
139.144
145.097
146.947
150.982
152.983
155
162.903
166.821
168.905
170.806
172.723
176.658
182.643
184.661
190.596
194.481
198.482
202.567
208.369
214.355
218.323
224.308
228.293
238.28
244.166
246.133
250.068
257.987
260.071
262.072
264.073
266.073
269.908
273.993
275.827
279.962
285.747
289.732
295.784
297.652
299.786
301.72
303.77
305.554
307.605
309.673
325.445
327.562
331.397
333.331
337.383
341.417
349.253
355.289
359.274
361.124
363.125
365.259
371.078
375.079
376.98
385.1
393.036
394.987
400.889
402.973
410.759
412.81
414.877
424.631
426.615
438.486
440.653
442.62
446.522
448.606
458.51
462.294
466.396
468.446
474.349
480.334
482.268
484.302
486.286
492.105
494.122
496.073
500.158
504.143
