4.29
6.141
10.193
12.027
18.129
20.063
22.03
24.114
25.932
33.951
35.902
37.903
41.854
45.805
47.74
49.724
51.758
57.827
67.597
69.731
71.648
73.599
77.584
79.568
81.602
85.57
87.604
89.488
91.539
95.54
107.261
121.316
125.301
127.202
131.203
133.054
135.188
137.022
138.989
145.008
147.059
150.994
152.961
154.995
162.831
166.733
168.75
170.801
172.818
176.67
182.772
184.573
190.675
194.526
198.628
202.546
208.415
214.467
218.402
224.237
228.289
238.292
244.228
246.095
250.097
258.166
260.05
262.018
264.102
266.019
269.954
274.005
275.889
279.857
285.86
289.894
295.68
297.697
299.698
301.765
303.716
305.767
307.684
309.535
325.557
327.425
331.393
333.544
337.362
341.447
349.283
355.268
359.236
361.304
363.204
365.172
371.124
375.125
377.143
384.979
392.982
395.033
400.918
402.969
410.922
412.789
414.84
424.627
426.744
438.615
440.483
442.517
446.501
448.452
458.439
462.424
466.392
468.343
474.412
480.364
482.348
484.315
486.249
492.251
494.169
496.036
500.004
504.056
