4.226
6.126
10.128
12.112
17.981
20.148
21.949
24.133
25.934
34.053
35.904
37.855
41.873
45.774
47.758
49.876
51.76
57.662
67.782
69.699
71.667
73.651
77.702
79.52
81.587
85.438
87.556
89.44
91.524
95.525
107.396
121.318
125.303
127.237
131.205
133.239
135.04
137.14
139.008
144.993
147.011
151.045
152.946
154.997
162.983
166.801
168.935
170.769
172.703
176.821
182.69
184.774
190.71
194.678
198.529
202.464
208.583
214.368
218.386
224.272
228.29
238.143
244.162
246.213
250.048
258.05
260.151
262.085
263.953
265.953
270.038
273.856
275.957
279.958
285.961
289.762
295.747
297.848
299.766
301.766
303.8
305.784
307.668
309.769
325.575
327.425
331.494
333.578
337.362
341.497
349.367
355.252
359.354
361.288
363.272
365.322
371.241
375.126
377.21
384.996
392.949
394.9
400.852
402.919
410.939
412.873
414.79
424.827
426.795
438.566
440.566
442.5
446.485
448.519
458.406
462.374
466.476
468.343
474.378
480.281
482.281
484.349
486.299
492.202
494.169
496.17
500.038
504.072
