4.274
6.208
10.209
12.027
18.129
20.046
21.964
24.014
26.098
33.851
35.885
37.919
41.837
45.822
47.773
49.724
51.908
57.743
67.647
69.764
71.665
73.632
77.517
79.668
81.635
85.537
87.554
89.405
91.589
95.424
107.295
121.35
125.301
127.168
131.27
133.121
135.055
137.039
139.073
145.158
147.009
151.11
153.028
155.029
162.848
166.983
168.967
170.851
172.752
176.803
182.739
184.689
190.658
194.66
198.628
202.679
208.598
214.467
218.568
224.52
228.405
238.342
244.278
246.228
250.196
258.049
260.233
262.084
264.168
266.086
269.954
274.022
276.072
280.007
285.843
289.911
295.863
297.88
299.798
301.715
303.749
305.75
307.817
309.801
325.54
327.625
331.526
333.51
337.495
341.48
349.482
355.268
359.253
361.203
363.304
365.188
371.307
375.092
377.176
385.145
393.098
395.116
401.051
403.035
410.805
412.955
414.956
424.86
426.727
438.715
440.682
442.633
446.551
448.668
458.522
462.473
466.408
468.492
474.478
480.43
482.214
484.348
486.315
492.284
494.135
496.252
500.221
504.055
