4.13
6.097
10.065
12.049
18.135
20.119
22.07
24.104
25.988
33.841
35.825
37.959
41.777
45.778
47.829
49.713
51.731
57.683
67.736
69.654
71.538
73.638
77.64
79.674
81.475
85.576
87.46
89.561
91.462
95.43
107.251
121.122
125.241
127.075
131.209
133.11
135.194
137.195
139.112
145.114
147.115
150.967
153.034
154.985
162.971
166.772
168.773
170.84
172.824
176.743
182.661
184.679
190.631
194.666
198.584
202.535
208.471
214.39
218.341
224.343
228.445
238.382
244.234
246.268
250.286
258.089
260.123
262.09
263.974
266.025
270.026
274.028
276.029
279.847
285.882
289.8
295.836
297.703
299.704
301.788
303.739
305.689
307.64
309.774
325.613
327.464
331.449
333.449
337.468
341.386
349.322
355.407
359.292
361.193
363.277
365.244
371.196
375.148
377.099
384.985
392.938
394.972
400.924
402.875
410.911
412.878
414.729
424.716
426.833
438.538
440.555
442.556
446.59
448.541
458.461
462.43
466.348
468.365
474.267
480.203
482.187
484.237
486.288
492.24
494.291
496.092
500.177
504.111
