4.191
6.192
10.127
12.211
18.047
20.097
21.948
24.115
25.983
33.919
35.836
37.97
41.872
45.807
47.857
49.908
51.875
57.778
67.748
69.699
71.699
73.617
77.518
79.486
81.586
85.571
87.422
89.439
91.59
95.408
107.362
121.234
125.319
127.236
131.204
133.172
135.222
137.023
139.007
145.009
147.027
150.911
152.929
154.996
162.816
166.884
168.785
170.802
172.836
176.804
182.773
184.724
190.709
194.694
198.612
202.447
208.532
214.385
218.469
224.405
228.406
238.36
244.262
246.163
250.081
258.05
260.035
262.152
264.153
265.953
270.038
273.89
276.007
279.842
285.861
289.945
295.881
297.765
299.799
301.816
303.717
305.668
307.635
309.686
325.558
327.626
331.411
333.561
337.446
341.514
349.284
355.319
359.354
361.288
363.155
365.156
371.092
375.11
377.11
385.08
392.95
395.034
400.986
403.003
410.923
412.94
414.774
424.661
426.762
438.666
440.634
442.684
446.569
448.57
458.473
462.492
466.526
468.344
474.346
480.265
482.315
484.249
486.284
492.152
494.203
496.154
500.139
504.207
