4.203
6.27
10.238
12.206
18.024
20.108
22.143
23.977
26.111
33.93
35.981
37.882
41.866
45.951
47.902
49.886
51.803
57.739
67.642
69.66
71.577
73.561
77.646
79.563
81.531
85.499
87.616
89.483
91.551
95.552
107.373
121.178
125.13
127.147
131.098
133.116
135.2
137.134
139.035
145.07
146.921
150.906
152.89
154.94
162.81
166.845
168.895
170.829
172.73
176.782
182.817
184.784
190.587
194.721
198.573
202.491
208.493
214.395
218.463
224.365
228.283
238.254
244.323
246.107
250.108
258.078
260.162
262.179
264.013
266.08
270.082
274.067
276.051
280.002
285.821
289.872
295.824
297.875
299.693
301.71
303.794
305.761
307.662
309.713
325.635
327.503
331.437
333.571
337.523
341.391
349.26
355.263
359.314
361.165
363.215
365.233
371.102
375.07
377.137
385.157
392.91
395.06
400.946
402.98
410.883
412.8
414.784
424.788
426.805
438.576
440.66
442.611
446.496
448.546
458.517
462.485
466.453
468.303
474.339
480.208
482.258
484.309
486.21
492.245
494.096
496.08
500.148
504.066
