4.199
6.201
10.022
12.057
18.063
19.965
21.934
24.002
25.821
33.812
35.731
37.833
41.704
45.591
47.593
49.562
51.464
57.537
67.48
69.399
71.401
73.403
77.273
79.325
81.111
85.231
87.2
89.102
91.154
94.991
107.003
120.701
124.772
126.623
130.761
132.596
134.531
136.5
138.619
144.508
146.393
150.364
152.266
154.318
162.31
166.13
168.082
170.168
172.036
176.09
182.113
184.065
189.971
193.842
197.879
201.75
207.806
213.578
217.666
223.539
227.426
237.519
243.359
245.361
249.215
257.223
259.258
261.06
263.145
265.164
269.035
272.939
274.891
278.911
284.901
288.821
294.744
296.663
298.732
300.75
302.602
304.604
306.506
308.525
324.408
326.31
330.28
332.232
336.186
340.207
348.098
354.155
358.109
360.077
362.013
363.898
369.87
373.908
375.71
383.651
391.693
393.678
399.584
401.603
409.427
411.429
413.398
423.291
425.26
437.222
439.141
441.143
445.013
447.016
456.859
460.896
464.917
466.852
472.625
478.681
480.6
482.552
484.537
490.426
492.495
494.43
498.484
502.438
