4.234
6.185
10.237
12.121
18.106
20.074
21.991
23.958
26.109
33.845
35.879
37.897
41.965
45.9
47.817
49.751
51.819
57.654
67.691
69.592
71.576
73.56
77.545
79.512
81.663
85.564
87.615
89.549
91.416
95.401
107.389
121.261
125.145
127.13
131.164
133.198
135.132
137.133
139.034
145.119
147.053
151.072
152.889
154.956
162.893
166.794
168.861
170.729
172.746
176.731
182.767
184.651
190.753
194.538
198.672
202.574
208.426
214.445
218.463
224.432
228.25
238.17
244.272
246.257
250.258
258.028
260.195
262.012
264.013
266.114
270.032
274
276.001
279.952
285.804
289.856
295.725
297.825
299.693
301.844
303.728
305.628
307.729
309.68
325.602
327.486
331.438
333.572
337.357
341.475
349.394
355.247
359.231
361.365
363.283
365.167
371.102
375.254
377.205
385.141
393.027
394.894
400.98
402.897
410.85
412.901
414.935
424.855
426.689
438.71
440.595
442.562
446.53
448.514
458.584
462.536
466.504
468.321
474.424
480.209
482.193
484.344
486.245
492.163
494.164
496.098
500.083
504.068
