4.174
6.092
10.096
12.098
17.988
19.99
21.891
23.81
25.779
33.837
35.655
37.724
41.578
45.649
47.517
49.469
51.438
57.544
67.437
69.389
71.375
73.26
77.231
79.316
81.185
85.172
87.091
89.009
90.978
94.965
106.827
120.875
124.795
126.681
130.701
132.687
134.538
136.607
138.593
144.398
146.334
150.288
152.323
154.425
162.25
166.154
168.189
170.224
172.076
176.147
182.103
183.905
189.894
193.798
197.736
201.79
207.662
213.552
217.506
223.495
227.482
237.459
243.415
245.384
249.354
257.162
259.131
261.116
263.068
265.02
269.074
273.028
274.88
279.001
284.907
288.777
294.633
296.702
298.621
300.689
302.692
304.477
306.612
308.614
324.347
326.349
330.336
332.271
336.225
340.196
348.054
353.977
358.081
359.933
361.868
363.92
369.793
373.863
375.765
383.757
391.698
393.483
399.422
401.508
409.449
411.435
413.286
423.313
425.332
437.06
439.062
441.048
444.968
447.02
456.814
460.918
464.705
466.757
472.63
478.619
480.671
482.556
484.458
490.548
492.45
494.468
498.356
502.443
