4.248
6.199
10.084
12.068
18.12
20.037
22.121
23.972
26.09
34.009
35.993
37.894
41.779
45.747
47.831
49.882
51.882
57.801
67.755
69.706
71.706
73.657
77.558
79.643
81.493
85.478
87.579
89.446
91.464
95.482
107.303
121.241
125.276
127.143
131.078
133.079
135.113
137.097
139.098
145.1
147.034
151.069
153.003
155.02
162.94
166.825
168.759
170.843
172.743
176.711
182.78
184.731
190.633
194.718
198.653
202.604
208.623
214.509
218.41
224.296
228.297
238.284
244.253
246.27
250.088
258.108
260.042
261.993
264.06
266.128
269.979
274.081
276.081
279.849
285.952
289.853
295.738
297.906
299.723
301.691
303.808
305.775
307.66
309.61
325.599
327.617
331.602
333.519
337.454
341.505
349.442
355.26
359.362
361.213
363.28
365.264
371.3
375.201
377.052
385.055
392.991
394.992
400.977
402.961
410.964
412.798
414.949
424.869
426.737
438.674
440.558
442.576
446.627
448.595
458.482
462.483
466.351
468.352
474.421
480.406
482.324
484.291
486.342
492.277
494.161
496.295
500.247
504.115
