4.201
6.135
10.069
12.104
18.139
20.09
22.024
23.941
25.959
34.011
35.929
37.813
41.981
45.932
47.883
49.817
51.885
57.67
67.59
69.574
71.692
73.676
77.677
79.494
81.462
85.547
87.514
89.498
91.565
95.417
107.421
121.31
125.294
127.278
131.196
133.047
135.131
137.215
139.116
145.135
146.985
151.004
152.938
155.055
162.841
166.776
168.76
170.894
172.761
176.863
182.782
184.716
190.735
194.686
198.521
202.605
208.574
214.526
218.361
224.43
228.348
238.335
244.204
246.271
250.139
258.175
260.076
262.177
264.094
266.062
270.096
274.098
276.015
279.85
285.869
289.92
295.806
297.89
299.874
301.825
303.825
305.676
307.81
309.661
325.5
327.534
331.569
333.603
337.421
341.422
349.308
355.427
359.362
361.363
363.313
365.331
371.216
375.218
377.202
385.038
393.057
394.991
401.027
402.961
410.93
412.865
414.932
424.769
426.67
438.64
440.625
442.692
446.66
448.544
458.448
462.349
466.384
468.451
474.387
480.272
482.256
484.34
486.308
492.276
494.21
496.245
500.029
504.164
