4.255
6.089
10.107
12.075
18.11
19.978
21.945
24.096
26.03
33.966
35.983
37.967
41.986
45.887
47.871
49.738
51.722
57.841
67.662
69.562
71.746
73.597
77.699
79.666
81.5
85.435
87.419
89.52
91.387
95.555
107.459
121.264
125.216
127.133
131.101
133.219
135.22
137.037
139.004
145.006
147.04
150.925
152.909
154.96
162.896
166.931
168.765
170.816
172.733
176.801
182.67
184.838
190.706
194.708
198.693
202.544
208.446
214.498
218.483
224.385
228.287
238.257
244.159
246.227
250.228
258.231
260.182
262.182
264.066
266.134
270.102
274.003
275.937
279.889
285.891
289.926
295.761
297.779
299.846
301.797
303.748
305.815
307.816
309.716
325.556
327.623
331.474
333.508
337.527
341.378
349.331
355.383
359.301
361.352
363.219
365.353
371.289
375.19
377.241
385.044
393.08
395.031
401.1
403.034
410.953
412.887
414.838
424.792
426.809
438.78
440.647
442.581
446.65
448.55
458.471
462.522
466.474
468.474
474.426
480.279
482.313
484.43
486.231
492.25
494.334
496.234
500.152
504.104
