4.083
6.233
10.052
12.086
18.121
20.105
22.04
23.957
25.958
33.911
35.961
37.996
41.814
45.765
47.899
49.883
51.834
57.653
67.657
69.574
71.592
73.559
77.644
79.611
81.612
85.58
87.598
89.532
91.416
95.451
107.339
121.227
125.246
127.28
131.181
133.099
135.099
137.133
139.067
144.953
147.037
150.989
152.973
155.074
162.993
166.828
168.862
170.763
172.797
176.715
182.784
184.652
190.737
194.672
198.707
202.675
208.644
214.413
218.398
224.333
228.318
238.372
244.341
246.142
250.21
258.096
260.08
262.081
264.149
266.183
270.084
274.086
276.003
279.905
285.957
289.858
295.744
297.728
299.879
301.796
303.78
305.714
307.748
309.633
325.572
327.539
331.608
333.592
337.61
341.578
349.364
355.3
359.418
361.269
363.386
365.304
371.273
375.224
377.158
385.111
393.131
394.982
400.934
402.901
410.854
412.955
414.989
424.826
426.744
438.648
440.599
442.583
446.735
448.669
458.639
462.541
466.426
468.51
474.445
480.314
482.265
484.383
486.367
492.302
494.336
496.22
500.155
504.107
