4.097
6.231
10.116
12.15
18.069
20.12
21.97
23.988
26.038
33.908
35.842
37.926
41.944
45.829
47.813
49.847
51.765
57.767
67.604
69.605
71.555
73.556
77.491
79.642
81.609
85.46
87.478
89.479
91.479
95.531
107.452
121.19
125.192
127.276
131.111
133.045
135.079
137.163
138.997
145.116
147.05
151.101
153.019
154.869
162.806
166.891
168.758
170.942
172.743
176.811
182.63
184.814
190.666
194.634
198.536
202.554
208.423
214.458
218.36
224.362
228.33
238.284
244.286
246.187
250.221
258.191
260.192
262.126
264.16
265.977
270.095
273.93
275.898
279.982
285.985
289.753
295.788
297.856
299.773
301.707
303.741
305.825
307.659
309.727
325.499
327.6
331.568
333.452
337.42
341.422
349.425
355.277
359.328
361.296
363.196
365.214
371.183
375.068
377.202
385.171
392.991
394.942
401.027
402.978
410.914
412.815
414.849
424.703
426.653
438.674
440.575
442.626
446.644
448.611
458.398
462.517
466.385
468.335
474.371
480.306
482.274
484.375
486.225
492.311
494.128
496.296
500.181
504.032
