4.143
6.277
10.162
12.096
18.165
19.999
21.95
24.134
26.118
34.038
35.905
37.822
41.807
45.775
47.759
49.877
51.727
57.696
67.767
69.634
71.718
73.619
77.67
79.638
81.588
85.523
87.541
89.425
91.392
95.444
107.431
121.32
125.321
127.155
131.273
133.074
135.041
137.059
139.126
144.995
147.046
150.981
153.048
154.882
162.818
166.803
168.804
170.871
172.889
176.707
182.676
184.643
190.729
194.613
198.598
202.516
208.602
214.421
218.389
224.374
228.392
238.279
244.198
246.149
250.1
258.137
260.087
262.088
264.056
266.156
269.941
274.043
275.893
279.995
285.93
289.882
295.801
297.868
299.802
301.719
303.704
305.771
307.655
309.789
325.628
327.512
331.564
333.464
337.516
341.467
349.354
355.373
359.241
361.391
363.192
365.31
371.178
375.146
377.114
385.017
393.103
395.087
400.939
403.023
410.91
412.81
414.811
424.781
426.699
438.553
440.687
442.588
446.523
448.674
458.56
462.362
466.363
468.347
474.466
480.369
482.386
484.353
486.237
492.256
494.19
496.091
500.159
504.227
