4.241
6.142
10.21
12.044
18.096
20.047
22.047
24.131
26.016
33.952
35.952
37.936
41.855
45.906
47.84
49.757
51.775
57.694
67.781
69.715
71.749
73.616
77.634
79.518
81.652
85.437
87.504
89.472
91.406
95.407
107.428
121.333
125.235
127.135
131.103
133.121
135.121
137.189
139.156
144.942
147.076
151.011
152.978
154.912
162.815
166.866
168.867
170.884
172.902
176.87
182.705
184.773
190.608
194.693
198.561
202.679
208.498
214.5
218.385
224.42
228.255
238.375
244.161
246.128
250.18
258.066
260.183
262.084
264.118
265.969
270.053
274.021
276.056
279.857
285.959
289.827
295.896
297.83
299.697
301.748
303.799
305.649
307.784
309.751
325.607
327.607
331.575
333.56
337.511
341.312
349.399
355.267
359.285
361.353
363.32
365.304
371.156
375.058
377.075
385.061
392.898
394.915
401.034
402.851
410.754
412.821
414.889
424.709
426.71
438.664
440.531
442.599
446.534
448.651
458.538
462.523
466.441
468.475
474.26
480.396
482.346
484.197
486.264
492.133
494.134
496.218
500.153
504.188
