4.174
6.258
10.126
12.093
18.096
20.013
21.98
23.964
25.915
33.851
35.852
37.853
41.837
45.789
47.89
49.857
51.891
57.86
67.58
69.598
71.715
73.732
77.634
79.651
81.585
85.47
87.437
89.505
91.505
95.423
107.428
121.233
125.134
127.285
131.22
133.204
135.138
137.072
139.056
144.975
147.109
150.927
152.911
155.012
162.798
166.949
168.917
170.734
172.835
176.786
182.738
184.722
190.725
194.509
198.661
202.462
208.398
214.45
218.485
224.27
228.288
238.258
244.16
246.211
250.096
258.032
260.033
262.034
263.951
265.935
270.07
273.888
275.905
279.957
285.876
289.71
295.679
297.713
299.731
301.815
303.732
305.666
307.6
309.601
325.573
327.541
331.509
333.376
337.377
341.429
349.415
355.267
359.302
361.319
363.253
365.221
371.09
375.058
377.025
385.011
392.881
394.998
400.817
402.834
410.871
412.838
414.805
424.626
426.776
438.614
440.548
442.565
446.483
448.484
458.388
462.423
466.391
468.325
474.21
480.312
482.313
484.147
486.264
492.267
494.117
496.118
500.17
504.121
