4.278
6.229
10.147
12.098
18.05
19.967
22.068
23.985
25.986
34.022
35.89
37.99
41.825
45.943
47.844
49.811
51.729
57.764
67.668
69.652
71.736
73.703
77.538
79.589
81.456
85.624
87.575
89.409
91.41
95.445
107.366
121.154
125.139
127.19
131.091
133.025
135.159
137.193
139.127
145.113
146.98
151.082
152.866
154.916
162.853
166.821
168.855
170.805
172.839
176.824
182.776
184.644
190.713
194.647
198.599
202.667
208.519
214.571
218.523
224.308
228.443
238.33
244.215
246.233
250.084
258.054
260.171
262.089
264.056
265.973
270.125
273.96
276.044
279.845
285.831
289.815
295.851
297.902
299.802
301.786
303.787
305.654
307.755
309.673
325.678
327.562
331.614
333.515
337.549
341.417
349.387
355.289
359.307
361.391
363.242
365.309
371.128
375.08
377.18
385.2
393.036
395.037
400.922
402.94
410.909
412.943
414.811
424.748
426.665
438.736
440.654
442.721
446.706
448.606
458.543
462.512
466.546
468.397
474.466
480.401
482.285
484.353
486.27
492.189
494.306
496.29
500.092
504.06
