4.191
6.159
10.144
12.211
18.163
19.98
22.098
24.049
26.049
33.885
36.036
38.02
41.888
45.923
47.757
49.875
51.709
57.861
67.731
69.765
71.666
73.6
77.601
79.652
81.453
85.438
87.505
89.522
91.373
95.508
107.329
121.317
125.185
127.086
131.054
133.005
135.139
137.073
138.957
145.042
147.043
151.028
152.979
154.996
162.749
166.8
168.701
170.702
172.836
176.771
182.74
184.607
190.509
194.594
198.595
202.43
208.432
214.501
218.302
224.305
228.223
238.193
244.095
246.179
250.131
258.134
260.118
262.002
263.902
266.02
269.988
273.989
275.973
279.891
285.86
289.762
295.731
297.631
299.665
301.783
303.767
305.667
307.752
309.619
325.408
327.592
331.393
333.411
337.362
341.347
349.4
355.352
359.22
361.304
363.122
365.072
371.091
374.993
377.027
384.946
392.932
395
400.952
402.819
410.789
412.706
414.857
424.694
426.595
438.499
440.65
442.45
446.435
448.503
458.406
462.274
466.259
468.343
474.279
480.214
482.115
484.216
486.166
492.135
494.152
496.02
500.138
503.923
