4.257
6.258
10.093
12.177
18.029
20.013
21.963
24.014
25.932
33.918
36.019
37.903
41.837
45.772
47.773
49.924
51.774
57.676
67.713
69.597
71.631
73.632
77.567
79.534
81.585
85.52
87.504
89.521
91.572
95.39
107.261
121.283
125.217
127.151
131.153
133.204
135.104
137.138
139.156
144.991
147.009
150.893
153.044
154.878
162.781
166.782
168.916
170.8
172.868
176.786
182.688
184.672
190.624
194.609
198.56
202.645
208.547
214.533
218.484
224.286
228.288
238.258
244.244
246.294
250.162
258.015
259.983
262.017
264.084
265.985
269.969
273.871
275.872
279.823
285.909
289.827
295.845
297.746
299.713
301.631
303.582
305.766
307.7
309.6
325.573
327.473
331.525
333.376
337.394
341.445
349.331
355.35
359.218
361.202
363.203
365.254
371.073
375.041
377.175
384.978
392.88
394.964
400.967
402.851
410.854
412.854
414.855
424.608
426.643
438.597
440.664
442.582
446.516
448.434
458.504
462.372
466.39
468.424
474.293
480.245
482.196
484.18
486.214
492.149
494.084
496.218
500.136
503.954
