4.182
6.132
10.184
12.051
18.037
20.121
21.988
23.956
26.106
33.876
35.927
38.011
41.962
45.88
47.898
49.848
51.832
57.751
67.755
69.722
71.69
73.574
77.542
79.492
81.527
85.528
87.495
89.596
91.397
95.382
107.419
121.208
125.242
127.143
131.178
133.145
135.079
136.997
139.081
144.95
146.95
150.885
152.969
154.92
162.789
166.874
168.708
170.809
172.86
176.628
182.763
184.614
190.699
194.518
198.636
202.554
208.556
214.358
218.31
224.445
228.397
238.283
244.169
246.136
250.054
258.007
260.091
262.009
263.976
265.91
270.028
274.046
275.847
279.999
285.934
289.919
295.754
297.855
299.772
301.656
303.774
305.641
307.742
309.759
325.598
327.583
331.517
333.535
337.536
341.388
349.374
355.309
359.244
361.195
363.262
365.313
371.115
375.15
377.05
384.953
392.956
394.907
400.842
402.96
410.913
412.747
414.764
424.734
426.635
438.539
440.64
442.491
446.526
448.643
458.463
462.515
466.3
468.384
474.286
480.238
482.339
484.156
486.157
492.209
494.143
496.11
500.129
504.03
