4.193
6.161
10.029
12.03
18.165
19.966
22.05
24.017
26.035
34.004
35.905
38.006
41.824
45.892
47.759
49.843
51.894
57.846
67.683
69.701
71.535
73.519
77.503
79.554
81.522
85.523
87.49
89.491
91.392
95.393
107.264
121.169
125.288
127.138
131.173
133.224
135.124
137.209
138.993
144.978
147.045
151.08
152.914
154.915
162.901
166.903
168.903
170.904
172.771
176.79
182.625
184.626
190.595
194.546
198.531
202.632
208.451
214.503
218.521
224.424
228.358
238.195
244.131
246.298
250.233
258.203
260.07
261.987
264.155
266.122
269.907
273.925
276.009
280.011
285.863
289.747
295.75
297.734
299.668
301.752
303.803
305.62
307.754
309.605
325.544
327.478
331.579
333.547
337.381
341.383
349.269
355.371
359.206
361.373
363.258
365.225
371.11
375.212
377.063
385.149
392.935
395.086
401.005
402.839
410.825
412.826
414.893
424.847
426.764
438.702
440.602
442.72
446.621
448.655
458.592
462.394
466.345
468.513
474.431
480.384
482.301
484.202
486.252
492.305
494.205
496.273
500.207
504.109
