4.188
6.206
10.224
12.158
18.143
20.161
22.128
23.962
26.063
33.849
35.833
37.884
41.835
45.786
47.887
49.838
51.855
57.741
67.627
69.762
71.612
73.563
77.698
79.598
81.649
85.5
87.468
89.419
91.453
95.504
107.358
121.247
125.298
127.099
131.1
133.167
135.101
137.186
139.17
145.122
147.139
150.924
153.058
155.025
162.911
166.896
168.763
170.831
172.898
176.816
182.735
184.669
190.688
194.623
198.524
202.525
208.478
214.58
218.448
224.3
228.285
238.205
244.34
246.308
250.092
258.095
260.013
262.08
264.097
266.165
270.049
274.101
275.952
279.92
285.888
289.773
295.875
297.776
299.777
301.727
303.728
305.829
307.696
309.78
325.486
327.603
331.471
333.439
337.54
341.458
349.411
355.347
359.231
361.232
363.249
365.233
371.252
375.154
377.204
384.99
393.027
395.094
400.913
402.98
410.95
412.917
414.951
424.871
426.789
438.626
440.61
442.544
446.612
448.68
458.45
462.518
466.519
468.52
474.456
480.258
482.342
484.342
486.326
492.262
494.113
496.13
500.181
504.066
