4.215
6.166
10.168
12.135
17.97
20.088
22.139
23.939
25.99
33.859
35.91
37.994
41.846
45.914
47.915
49.715
51.849
57.851
67.738
69.706
71.59
73.557
77.625
79.576
81.643
85.528
87.546
89.446
91.397
95.548
107.419
121.274
125.209
127.193
131.245
133.195
135.163
137.097
139.064
145.066
147.034
150.935
152.986
154.936
162.973
166.774
168.875
170.759
172.743
176.844
182.797
184.631
190.583
194.584
198.586
202.554
208.572
214.408
218.493
224.295
228.33
238.35
244.285
246.253
250.187
258.074
260.091
262.025
264.076
266.127
270.045
273.963
276.03
279.932
285.867
289.868
295.704
297.688
299.639
301.656
303.707
305.624
307.625
309.642
325.515
327.499
331.567
333.534
337.319
341.387
349.273
355.342
359.193
361.294
363.128
365.129
371.064
375.199
377.167
385.103
392.939
394.99
400.875
402.976
410.929
412.829
414.697
424.7
426.734
438.622
440.606
442.64
446.458
448.526
458.412
462.314
466.382
468.366
474.218
480.354
482.188
484.205
486.306
492.275
494.109
496.143
500.111
504.146
