4.195
6.113
10.214
12.098
17.967
20.101
22.035
24.052
25.936
33.956
35.89
37.957
41.926
45.877
47.878
49.828
51.879
57.815
67.652
69.602
71.686
73.687
77.639
79.656
81.657
85.508
87.592
89.526
91.577
95.478
107.333
121.254
125.223
127.173
131.141
133.125
135.059
137.177
138.994
145.063
147.064
150.882
153.049
154.95
162.786
166.854
168.905
170.906
172.707
176.741
182.744
184.678
190.663
194.564
198.549
202.617
208.436
214.422
218.456
224.375
228.36
238.247
244.333
246.183
250.135
258.071
260.155
262.172
264.14
266.024
270.125
273.96
276.044
280.029
285.881
289.882
295.718
297.902
299.869
301.67
303.704
305.805
307.722
309.69
325.629
327.58
331.614
333.482
337.516
341.451
349.421
355.39
359.408
361.292
363.309
365.31
371.312
375.147
377.198
385.1
393.003
394.987
400.94
403.04
410.793
412.977
414.961
424.832
426.732
438.587
440.604
442.621
446.59
448.507
458.461
462.579
466.463
468.331
474.466
480.385
482.286
484.27
486.304
492.289
494.224
496.224
500.126
504.16
