4.26
6.177
10.129
12.079
18.065
20.066
22.15
24.1
25.918
34.054
35.838
37.922
41.873
45.958
47.759
49.759
51.894
57.829
67.666
69.617
71.667
73.585
77.553
79.587
81.504
85.439
87.456
89.524
91.441
95.409
107.43
121.268
125.12
127.187
131.155
133.073
135.057
137.174
139.158
145.11
147.094
150.896
152.996
154.864
162.766
166.818
168.735
170.753
172.837
176.805
182.807
184.624
190.626
194.511
198.579
202.547
208.449
214.385
218.386
224.272
228.34
238.26
244.246
246.196
250.114
258.034
260.135
262.102
263.986
265.937
269.905
273.939
275.957
279.942
285.777
289.812
295.814
297.731
299.732
301.749
303.817
305.634
307.651
309.669
325.475
327.442
331.41
333.444
337.495
341.514
349.366
355.385
359.203
361.354
363.338
365.155
371.258
375.092
377.226
385.096
392.965
394.933
400.851
403.019
410.838
412.789
414.856
424.827
426.677
438.665
440.616
442.6
446.584
448.568
458.455
462.473
466.308
468.425
474.344
480.38
482.33
484.214
486.315
492.301
494.168
496.185
500.22
504.005
