4.103
6.154
10.038
12.206
18.075
20.042
22.126
23.977
25.911
33.897
35.931
37.832
41.783
45.918
47.785
49.919
51.82
57.789
67.626
69.593
71.594
73.594
77.579
79.53
81.564
85.482
87.416
89.6
91.384
95.452
107.323
121.245
125.18
127.197
131.165
133.149
135.083
137.067
139.118
145.07
147.038
151.006
152.89
155.04
162.943
166.895
168.745
170.779
172.847
176.865
182.8
184.784
190.687
194.671
198.673
202.507
208.476
214.462
218.547
224.315
228.267
238.37
244.289
246.323
250.091
258.177
260.145
262.196
264.013
266.13
269.965
273.933
276.017
279.852
285.837
289.939
295.774
297.842
299.759
301.876
303.827
305.728
307.745
309.696
325.585
327.636
331.504
333.621
337.506
341.524
349.477
355.279
359.397
361.198
363.232
365.249
371.301
375.203
377.187
385.106
392.959
394.993
400.929
403.013
410.832
412.883
414.8
424.704
426.671
438.676
440.543
442.71
446.662
448.613
458.466
462.418
466.536
468.336
474.455
480.391
482.341
484.375
486.343
492.245
494.112
496.096
500.198
504.199
