4.149
6.233
10.084
12.185
18.054
19.971
21.938
23.973
25.907
33.976
35.944
37.844
41.962
45.931
47.731
49.865
51.733
57.852
67.622
69.689
71.557
73.524
77.642
79.676
81.577
85.528
87.479
89.513
91.497
95.332
107.32
121.225
125.209
127.093
131.062
133.029
135.146
137.097
139.165
145.05
147.017
151.086
153.036
155.004
162.973
166.825
168.875
170.859
172.743
176.812
182.814
184.614
190.7
194.701
198.586
202.638
208.59
214.409
218.477
224.329
228.464
238.351
244.253
246.153
250.172
258.058
260.209
262.093
264.093
266.144
269.929
274.03
275.998
279.999
286.001
289.953
295.788
297.772
299.79
301.84
303.824
305.725
307.676
309.61
325.582
327.6
331.618
333.519
337.47
341.522
349.291
355.277
359.378
361.395
363.246
365.314
371.132
375.167
377.151
385.071
393.14
395.041
401.043
402.911
410.863
412.981
414.848
424.702
426.786
438.74
440.574
442.592
446.543
448.627
458.481
462.466
466.35
468.434
474.303
480.239
482.389
484.257
486.274
492.326
494.244
496.245
500.079
504.081
