4.222
6.189
10.19
12.024
18.127
20.144
22.028
24.012
25.996
34.016
35.9
37.917
41.935
45.803
47.937
49.855
51.789
57.824
67.611
69.745
71.629
73.663
77.565
79.615
81.566
85.634
87.435
89.536
91.47
95.521
107.275
121.197
125.299
127.166
131.217
133.168
135.152
137.17
139.187
145.106
147.056
150.941
153.059
154.876
162.912
166.814
168.748
170.815
172.849
176.801
182.803
184.753
190.622
194.54
198.525
202.526
208.529
214.464
218.365
224.451
228.236
238.289
244.141
246.259
250.244
257.996
259.98
262.065
264.099
266.083
269.901
274.036
275.853
279.971
285.823
289.741
295.81
297.777
299.678
301.696
303.63
305.764
307.631
309.582
325.454
327.555
331.506
333.49
337.508
341.41
349.313
355.231
359.266
361.3
363.201
365.252
371.204
375.072
377.089
385.176
393.012
394.896
400.931
402.915
410.935
412.802
414.853
424.773
426.757
438.595
440.712
442.713
446.514
448.482
458.485
462.453
466.355
468.322
474.291
480.343
482.327
484.195
486.245
492.231
494.298
496.282
500.167
504.052
