4.219
6.203
10.237
12.038
18.074
20.074
21.992
23.942
25.943
33.963
35.88
37.964
41.849
45.817
47.935
49.735
51.786
57.705
67.592
69.609
71.71
73.627
77.512
79.479
81.547
85.465
87.432
89.4
91.584
95.502
107.44
121.345
125.179
127.163
131.198
133.132
135.116
137.134
139.068
145.087
147.054
150.905
152.873
155.024
162.993
166.811
168.879
170.813
172.897
176.715
182.734
184.734
190.637
194.571
198.523
202.491
208.46
214.479
218.463
224.466
228.317
238.237
244.323
246.224
250.075
258.211
260.095
262.179
264.113
266.081
269.932
274.034
275.984
279.869
285.988
289.856
295.775
297.726
299.693
301.81
303.628
305.812
307.613
309.597
325.536
327.453
331.521
333.539
337.507
341.358
349.461
355.28
359.382
361.265
363.316
365.184
371.286
375.104
377.205
384.974
392.994
394.928
400.863
403.031
410.9
412.884
414.868
424.822
426.773
438.56
440.694
442.645
446.58
448.464
458.584
462.469
466.437
468.488
474.273
480.209
482.276
484.227
486.211
492.297
494.264
496.115
500.116
504.184
