4.235
6.102
10.187
12.038
18.057
20.041
21.992
23.926
26.11
33.913
35.863
37.881
41.866
45.867
47.818
49.885
51.753
57.655
67.642
69.743
71.71
73.527
77.595
79.513
81.48
85.565
87.466
89.583
91.484
95.552
107.406
121.262
125.313
127.18
131.232
133.133
135.033
137.034
139.118
145.087
147.071
151.072
152.957
154.974
162.96
166.928
168.746
170.713
172.697
176.649
182.801
184.702
190.704
194.555
198.54
202.491
208.594
214.396
218.397
224.366
228.301
238.255
244.107
246.158
250.126
258.095
260.063
262.063
263.997
266.065
269.95
273.851
275.885
279.82
285.739
289.724
295.742
297.643
299.611
301.745
303.645
305.613
307.597
309.531
325.42
327.554
331.422
333.456
337.341
341.409
349.412
355.231
359.283
361.267
363.284
365.168
371.204
375.188
377.056
385.025
392.978
394.946
400.898
402.815
410.885
412.702
414.853
424.59
426.707
438.512
440.663
442.58
446.531
448.432
458.336
462.304
466.405
468.339
474.392
480.344
482.161
484.145
486.296
492.231
494.232
496.016
500.134
504.003
