4.181
6.148
10.133
12.017
17.969
19.953
22.054
24.105
26.072
33.841
35.992
37.826
41.911
45.929
47.763
49.814
51.881
57.784
67.687
69.705
71.622
73.673
77.574
79.492
81.642
85.61
87.411
89.429
91.446
95.397
107.335
121.174
125.275
127.226
131.027
133.145
135.062
137.029
138.963
145.049
146.966
150.901
152.869
155.019
162.805
166.774
168.908
170.742
172.709
176.677
182.629
184.647
190.532
194.551
198.669
202.553
208.422
214.391
218.459
224.311
228.346
238.283
244.252
246.153
250.188
258.041
260.091
262.142
263.976
266.127
269.912
273.93
275.864
279.882
285.917
289.786
295.888
297.738
299.806
301.807
303.774
305.608
307.742
309.693
325.565
327.449
331.601
333.485
337.536
341.421
349.457
355.26
359.311
361.212
363.263
365.28
371.249
375.1
377.101
385.054
393.073
395.008
400.893
402.827
410.863
412.831
414.731
424.668
426.736
438.707
440.674
442.542
446.643
448.511
458.381
462.466
466.517
468.485
474.287
480.306
482.206
484.24
486.358
492.21
494.094
496.278
500.13
504.098
