4.237
6.071
10.156
12.074
18.142
19.993
22.027
23.995
26.079
33.848
35.849
37.933
41.968
45.852
47.887
49.737
51.821
57.773
67.577
69.594
71.678
73.679
77.514
79.631
81.515
85.617
87.534
89.435
91.569
95.354
107.308
121.13
125.098
127.148
131.116
133.167
135.051
137.002
139.119
145.088
147.072
150.974
152.991
155.025
162.795
166.913
168.763
170.714
172.748
176.716
182.768
184.569
190.555
194.656
198.657
202.476
208.378
214.33
218.498
224.283
228.301
238.305
244.141
246.208
250.059
258.029
260.096
262.047
263.964
266.115
270.083
273.868
275.869
279.82
285.839
289.774
295.842
297.843
299.711
301.811
303.762
305.746
307.78
309.564
325.503
327.571
331.505
333.523
337.491
341.442
349.345
355.231
359.149
361.283
363.117
365.217
371.153
375.138
377.105
384.941
392.877
394.861
400.897
402.964
410.717
412.701
414.735
424.772
426.69
438.594
440.561
442.545
446.547
448.431
458.401
462.336
466.454
468.388
474.373
480.276
482.126
484.244
486.244
492.113
494.097
496.098
500.033
504.117
