4.113
6.115
10.135
12.087
17.893
20.029
21.881
23.833
25.935
33.859
35.761
37.813
41.75
45.704
47.523
49.675
51.61
57.55
67.326
69.378
71.38
73.299
77.236
79.271
81.09
85.244
87.146
89.148
91.1
94.92
106.999
120.746
124.7
126.619
130.706
132.558
134.593
136.462
138.564
144.553
146.505
150.342
152.311
154.346
162.237
166.141
168.177
170.129
172.147
176.068
181.924
183.976
190.015
193.802
197.84
201.777
207.683
213.639
217.593
223.532
227.603
237.379
243.402
245.254
249.208
257.216
259.068
261.203
263.088
265.04
269.128
272.898
274.883
278.854
284.893
288.864
294.686
296.605
298.707
300.709
302.528
304.63
306.548
308.484
324.349
326.418
330.305
332.291
336.195
340.082
348.207
354.146
358.1
359.885
361.987
363.889
369.845
373.899
375.684
383.792
391.567
393.669
399.541
401.56
409.418
411.303
413.355
423.232
425.2
437.179
439.081
441.099
445.087
447.055
456.899
460.919
464.706
466.742
472.698
478.67
480.689
482.591
484.593
490.449
492.417
494.536
498.423
502.327
