4.167
6.101
10.086
12.103
18.172
19.99
22.09
24.074
26.075
33.878
35.879
37.846
41.931
45.749
47.883
49.717
51.901
57.787
67.674
69.558
71.608
73.526
77.694
79.678
81.512
85.53
87.614
89.415
91.482
95.417
107.355
121.16
125.228
127.245
131.063
133.047
135.148
137.199
139.15
145.052
147.119
150.937
152.888
154.839
162.841
166.826
168.827
170.744
172.878
176.863
182.665
184.783
190.635
194.653
198.621
202.573
208.591
214.56
218.428
224.397
228.282
238.252
244.121
246.305
250.14
258.159
260.077
262.178
264.162
265.946
270.08
273.882
276.016
279.834
285.82
289.954
295.706
297.791
299.708
301.659
303.759
305.727
307.694
309.678
325.667
327.618
331.553
333.454
337.522
341.423
349.293
355.278
359.313
361.247
363.131
365.265
371.067
375.135
377.103
385.006
393.025
395.059
400.995
402.879
410.798
412.882
414.9
424.687
426.704
438.542
440.542
442.593
446.628
448.629
458.566
462.434
466.502
468.486
474.405
480.274
482.291
484.275
486.209
492.278
494.195
496.063
500.097
504.032
