4.257
6.208
10.043
12.193
18.012
19.963
22.047
23.965
25.999
33.935
35.919
37.937
41.955
45.956
47.79
49.891
51.909
57.794
67.631
69.615
71.599
73.7
77.668
79.586
81.587
85.505
87.522
89.573
91.524
95.342
107.33
121.168
125.137
127.137
131.222
133.206
135.19
137.158
139.092
145.111
146.995
151.013
153.064
154.915
162.851
166.936
168.837
170.754
172.788
176.673
182.809
184.809
190.561
194.696
198.598
202.533
208.418
214.571
218.455
224.291
228.276
238.296
244.232
246.316
250.268
258.054
260.138
262.022
264.056
266.007
269.975
274.06
276.011
280.012
285.798
289.849
295.818
297.719
299.736
301.721
303.705
305.805
307.756
309.657
325.546
327.497
331.515
333.599
337.551
341.336
349.289
355.408
359.359
361.21
363.344
365.245
371.097
375.149
377.216
385.036
393.105
394.939
400.925
402.859
410.795
412.83
414.83
424.717
426.702
438.556
440.674
442.541
446.609
448.627
458.564
462.515
466.3
468.367
474.42
480.272
482.339
484.223
486.258
492.143
494.077
496.078
500.029
504.081
