4.152
6.253
10.138
12.055
17.974
20.058
22.109
24.026
26.027
33.896
35.947
37.948
41.849
45.784
47.735
49.836
51.77
57.688
67.775
69.759
71.543
73.694
77.546
79.613
81.597
85.548
87.449
89.416
91.501
95.352
107.273
121.245
125.179
127.28
131.182
133.199
135.15
137.1
139.168
145.12
147.021
150.939
153.056
154.857
162.91
166.794
168.878
170.796
172.913
176.715
182.633
184.617
190.653
194.704
198.622
202.641
208.493
214.562
218.38
224.398
228.467
238.37
244.172
246.306
250.158
258.144
260.061
262.112
264.029
266.047
270.098
274.083
275.9
279.852
285.904
289.822
295.724
297.875
299.709
301.76
303.66
305.661
307.678
309.612
325.518
327.452
331.554
333.438
337.506
341.507
349.36
355.412
359.33
361.298
363.182
365.249
371.218
375.136
377.153
384.99
392.976
395.026
400.979
402.996
410.916
412.883
414.934
424.837
426.738
438.592
440.56
442.577
446.578
448.462
458.449
462.534
466.402
468.436
474.355
480.357
482.308
484.175
486.193
492.295
494.296
496.113
500.148
504.166
