4.243
6.077
10.245
12.129
17.998
20.115
22.133
24.1
26.051
34.021
36.005
37.839
41.84
45.908
47.942
49.726
51.844
57.796
67.666
69.617
71.668
73.735
77.52
79.487
81.571
85.489
87.524
89.474
91.592
95.493
107.448
121.336
125.304
127.188
131.09
133.157
135.108
137.158
139.126
144.961
147.062
151.047
152.964
154.982
162.901
166.936
168.737
170.888
172.905
176.69
182.809
184.793
190.578
194.58
198.581
202.583
208.518
214.454
218.538
224.457
228.275
238.262
244.148
246.165
250.167
258.07
260.037
262.088
264.155
265.973
270.124
274.092
275.993
280.011
285.913
289.781
295.783
297.901
299.868
301.669
303.736
305.754
307.621
309.705
325.544
327.579
331.48
333.547
337.515
341.5
349.32
355.239
359.324
361.241
363.208
365.309
371.178
375.129
377.063
385.083
393.019
395.12
401.022
402.956
410.959
412.943
414.861
424.731
426.715
438.703
440.62
442.554
446.689
448.673
458.543
462.428
466.53
468.53
474.299
480.235
482.269
484.386
486.354
492.222
494.256
496.14
500.259
504.043
