4.275
6.109
10.11
12.144
18.146
19.997
22.098
24.082
25.966
33.919
35.969
37.954
41.905
45.84
47.79
49.758
51.825
57.861
67.748
69.648
71.716
73.6
77.634
79.585
81.619
85.437
87.538
89.605
91.389
95.357
107.462
121.2
125.252
127.102
131.17
133.138
135.222
137.206
139.173
145.109
146.959
150.911
152.912
154.929
162.865
166.9
168.934
170.801
172.852
176.87
182.839
184.756
190.625
194.66
198.578
202.646
208.548
214.517
218.418
224.471
228.455
238.192
244.344
246.228
250.113
258.149
260.217
262.168
264.102
265.969
270.054
274.105
275.923
280.024
286.01
289.861
295.83
297.714
299.781
301.799
303.666
305.767
307.701
309.685
325.624
327.474
331.459
333.593
337.545
341.363
349.449
355.435
359.403
361.22
363.304
365.205
371.123
375.192
377.109
385.062
393.131
395.115
401.084
402.968
410.804
412.805
414.923
424.693
426.694
438.731
440.632
442.633
446.634
448.568
458.572
462.573
466.391
468.492
474.311
480.279
482.23
484.364
486.282
492.2
494.235
496.202
500.22
504.071
