4.281
6.199
10.233
12.017
18.12
20.037
21.971
23.972
26.072
33.892
35.876
37.893
41.845
45.88
47.764
49.731
51.815
57.667
67.654
69.705
71.722
73.506
77.541
79.608
81.642
85.477
87.394
89.395
91.446
95.381
107.235
121.207
125.241
127.142
131.077
133.011
135.178
137.129
139.063
145.032
147.083
151.034
152.935
154.852
162.905
166.923
168.84
170.691
172.675
176.777
182.595
184.629
190.532
194.566
198.634
202.636
208.488
214.407
218.425
224.31
228.312
238.215
244.184
246.218
250.136
258.089
260.023
261.991
264.141
265.942
270.077
274.062
275.846
279.814
285.949
289.767
295.803
297.753
299.737
301.705
303.689
305.673
307.64
309.591
325.513
327.547
331.399
333.5
337.451
341.369
349.405
355.391
359.292
361.343
363.16
365.161
371.13
375.148
377.049
385.035
392.971
394.938
400.857
403.025
410.961
412.911
414.929
424.782
426.733
438.704
440.605
442.655
446.474
448.491
458.411
462.396
466.397
468.465
474.3
480.252
482.353
484.204
486.288
492.24
494.207
496.125
500.059
504.094
