4.199
6.166
10.134
12.168
18.087
19.988
22.005
23.956
25.973
34.043
35.91
37.944
41.962
45.78
47.881
49.915
51.799
57.701
67.605
69.639
71.689
73.707
77.591
79.525
81.493
85.578
87.528
89.546
91.546
95.381
107.369
121.307
125.242
127.259
131.194
133.111
135.145
137.029
138.997
145.132
147.1
151.018
152.952
154.869
162.922
166.79
168.924
170.808
172.792
176.71
182.679
184.596
190.732
194.6
198.501
202.469
208.555
214.54
218.325
224.411
228.312
238.332
244.134
246.252
250.103
258.006
260.14
262.157
264.041
266.025
270.094
273.878
276.029
279.98
285.883
289.884
295.769
297.887
299.821
301.838
303.839
305.69
307.69
309.691
325.63
327.564
331.449
333.583
337.484
341.386
349.322
355.357
359.375
361.226
363.277
365.244
371.146
375.098
377.082
384.968
393.071
395.005
400.924
402.924
410.794
412.761
414.762
424.849
426.633
438.587
440.721
442.572
446.64
448.507
458.428
462.462
466.38
468.298
474.45
480.202
482.336
484.353
486.154
492.19
494.174
496.174
500.209
504.11
