4.167
6.085
10.006
11.975
18.064
20.033
21.918
23.987
25.922
33.763
35.765
37.651
41.655
45.709
47.577
49.479
51.481
57.554
67.38
69.449
71.418
73.336
77.224
79.326
81.294
85.148
87.167
89.169
90.988
95.075
106.937
120.701
124.788
126.757
130.594
132.646
134.598
136.5
138.569
144.508
146.493
150.331
152.349
154.401
162.326
166.263
168.165
170.217
172.069
176.073
181.912
183.881
189.837
193.774
197.878
201.816
207.672
213.694
217.515
223.471
227.441
237.502
243.391
245.426
249.23
257.221
259.24
261.075
263.061
265.046
268.983
272.971
275.023
278.826
284.849
288.803
294.659
296.795
298.713
300.632
302.534
304.653
306.654
308.573
324.372
326.374
330.211
332.314
336.268
340.255
348.196
354.002
358.09
359.941
362.043
363.945
369.951
373.889
375.774
383.665
391.607
393.692
399.431
401.55
409.424
411.493
413.345
423.205
425.34
437.169
439.004
441.14
445.11
447.029
456.922
460.926
464.747
466.699
472.671
478.727
480.546
482.531
484.55
490.556
492.425
494.493
498.381
502.318
