4.123
6.257
10.191
12.175
17.978
20.045
22.112
24.03
26.097
33.85
35.917
37.818
41.836
45.904
47.738
49.889
51.79
57.809
67.662
69.63
71.564
73.614
77.699
79.533
81.584
85.619
87.503
89.487
91.388
95.422
107.293
121.348
125.3
127.251
131.219
133.203
135.087
137.071
139.105
145.107
147.091
151.059
153.093
154.894
162.947
166.898
168.832
170.917
172.884
176.702
182.838
184.822
190.607
194.692
198.61
202.528
208.547
214.449
218.35
224.486
228.337
238.241
244.243
246.127
250.162
258.048
260.016
262.05
264
265.951
269.903
273.887
275.855
279.839
285.858
289.86
295.712
297.796
299.697
301.797
303.798
305.732
307.633
309.617
325.523
327.574
331.408
333.576
337.394
341.445
349.298
355.267
359.352
361.169
363.237
365.154
371.273
375.174
377.225
385.078
392.914
394.898
400.867
402.884
410.887
412.905
414.722
424.776
426.743
438.681
440.648
442.665
446.534
448.551
458.421
462.523
466.307
468.275
474.227
480.196
482.196
484.281
486.148
492.083
494.184
496.235
500.186
504.038
