4.14
6.258
10.176
12.077
18.145
20.046
22.03
24.098
25.998
34.051
35.885
38.003
41.904
45.805
47.856
49.74
51.858
57.726
67.68
69.564
71.632
73.699
77.534
79.484
81.468
85.637
87.454
89.421
91.572
95.49
107.378
121.15
125.301
127.302
131.17
133.187
135.038
137.039
139.139
145.142
147.142
151.06
153.011
154.995
163.015
166.8
168.767
170.884
172.835
176.837
182.855
184.806
190.692
194.676
198.578
202.663
208.615
214.484
218.352
224.437
228.289
238.192
244.261
246.312
250.297
258.149
260.067
262.118
264.135
266.119
270.104
274.089
276.089
279.891
285.893
289.961
295.847
297.714
299.798
301.799
303.849
305.65
307.718
309.735
325.507
327.508
331.626
333.61
337.428
341.43
349.383
355.452
359.403
361.37
363.288
365.172
371.174
375.175
377.193
385.129
393.132
395.116
401.051
402.869
410.822
412.856
414.973
424.76
426.811
438.765
440.666
442.55
446.618
448.602
458.439
462.474
466.525
468.426
474.311
480.28
482.231
484.382
486.283
492.318
494.169
496.153
500.204
504.206
