4.207
6.091
10.076
12.06
17.979
19.979
21.98
24.064
25.931
33.918
35.868
37.986
41.954
45.905
47.773
49.757
51.874
57.826
67.663
69.681
71.565
73.665
77.617
79.684
81.535
85.486
87.537
89.571
91.489
95.523
107.428
121.249
125.234
127.135
131.203
133.187
135.238
137.105
139.023
144.991
147.142
151.01
152.978
154.962
163.015
166.799
168.833
170.867
172.835
176.886
182.672
184.739
190.591
194.643
198.561
202.679
208.648
214.417
218.435
224.37
228.472
238.325
244.194
246.211
250.246
258.132
260.033
262.151
264.118
266.169
270.037
274.022
275.972
279.924
285.843
289.977
295.946
297.747
299.864
301.848
303.832
305.75
307.701
309.701
325.607
327.658
331.459
333.527
337.578
341.496
349.316
355.318
359.303
361.287
363.371
365.355
371.257
375.208
377.259
385.212
393.082
395.066
400.901
403.035
410.921
412.855
414.789
424.876
426.71
438.631
440.599
442.716
446.601
448.602
458.622
462.54
466.442
468.509
474.344
480.247
482.297
484.265
486.249
492.151
494.268
496.319
500.237
504.239
