4.204
6.171
10.156
12.157
18.109
20.06
22.144
23.995
25.912
33.998
36.032
37.833
41.801
45.902
47.787
49.904
51.788
57.69
67.594
69.661
71.629
73.646
77.597
79.615
81.499
85.617
87.434
89.435
91.569
95.354
107.341
121.247
125.315
127.132
131.234
133.234
135.035
137.102
139.203
145.005
146.989
150.941
152.975
154.975
162.895
166.963
168.881
170.831
172.799
176.767
182.669
184.636
190.722
194.707
198.558
202.476
208.445
214.497
218.482
224.501
228.269
238.339
244.275
246.292
250.193
258.046
260.164
262.148
264.149
266.049
270.051
273.919
276.07
279.938
285.823
289.908
295.827
297.744
299.762
301.762
303.663
305.797
307.814
309.765
325.538
327.505
331.49
333.457
337.358
341.377
349.28
355.365
359.25
361.151
363.135
365.235
371.221
375.172
377.09
385.126
392.995
394.913
400.865
402.982
410.885
412.853
414.703
424.707
426.658
438.579
440.546
442.68
446.498
448.599
458.486
462.421
466.422
468.423
474.408
480.377
482.361
484.345
486.246
492.081
494.166
496.2
500.118
504.119
