4.129
6.021
10.073
12.125
17.896
19.988
21.961
23.947
25.839
33.729
35.835
37.66
41.672
45.51
47.616
49.615
51.614
57.398
67.207
69.193
71.259
73.311
77.283
79.149
81.228
85.093
87.105
89.024
91.117
94.995
106.777
120.69
124.502
126.461
130.419
132.432
134.538
136.483
138.336
144.333
146.226
150.224
152.143
154.142
162.019
166.03
167.989
169.935
172.054
175.959
181.77
183.769
189.78
193.805
197.723
201.575
207.599
213.489
217.421
223.258
227.177
237.239
243.023
244.942
248.994
256.817
258.736
260.882
262.881
264.667
268.812
272.637
274.729
278.674
284.431
288.523
294.467
296.279
298.239
300.398
302.383
304.236
306.128
308.167
323.921
326
329.891
331.904
335.809
339.714
347.763
353.614
357.519
359.531
361.504
363.41
369.34
373.232
375.258
383.134
390.971
392.943
398.994
401.006
408.776
410.922
412.841
422.677
424.703
436.417
438.403
440.362
444.374
446.266
456.129
460.14
464.192
466.071
471.962
477.866
479.878
481.797
483.81
489.821
491.82
493.832
497.63
501.749
