4.215
6.099
10.15
12.134
18.02
20.004
22.071
23.922
25.906
33.926
35.893
37.894
41.778
45.813
47.881
49.781
51.749
57.784
67.571
69.572
71.689
73.657
77.625
79.492
81.626
85.461
87.478
89.546
91.497
95.398
107.352
121.224
125.309
127.193
131.194
133.128
135.229
137.097
139.147
144.949
147.117
150.918
152.952
154.936
162.939
166.791
168.875
170.859
172.776
176.694
182.713
184.697
190.666
194.634
198.719
202.62
208.623
214.408
218.476
224.362
228.446
238.283
244.252
246.22
250.188
258.041
260.208
262.142
264.11
265.96
270.045
274.046
276.081
279.915
285.801
289.969
295.838
297.788
299.773
301.74
303.824
305.841
307.792
309.709
325.582
327.633
331.617
333.518
337.57
341.504
349.407
355.243
359.394
361.345
363.346
365.246
371.165
375.183
377.234
385.204
392.956
395.107
401.026
403.01
410.796
412.964
414.898
424.868
426.819
438.64
440.691
442.641
446.526
448.577
458.447
462.432
466.533
468.484
474.486
480.322
482.222
484.373
486.24
492.293
494.243
496.311
500.179
504.147
