4.156
6.173
10.158
12.075
18.094
20.162
22.112
24.013
25.997
34.05
35.984
37.918
41.869
45.904
47.888
49.772
51.706
57.809
67.646
69.713
71.747
73.698
77.549
79.55
81.617
85.419
87.536
89.52
91.454
95.422
107.427
121.165
125.166
127.267
131.152
133.203
135.07
137.154
139.038
144.99
146.924
150.909
152.993
154.861
162.88
166.798
168.782
170.833
172.817
176.702
182.804
184.672
190.64
194.558
198.577
202.578
208.53
214.416
218.484
224.436
228.371
238.258
244.143
246.244
250.145
258.215
260.016
262.183
264.1
266.034
269.953
274.104
275.955
279.923
285.992
289.776
295.879
297.846
299.797
301.714
303.748
305.816
307.766
309.617
325.556
327.607
331.575
333.576
337.36
341.379
349.348
355.3
359.302
361.369
363.17
365.337
371.123
375.124
377.158
385.045
392.981
394.965
401.05
402.851
410.771
412.738
414.722
424.709
426.676
438.581
440.715
442.549
446.484
448.484
458.505
462.406
466.391
468.458
474.31
480.263
482.28
484.281
486.165
492.167
494.101
496.235
500.22
504.005
