4.291
6.242
10.126
12.144
17.979
20.013
22.097
23.965
25.915
34.018
35.852
37.953
41.955
45.939
47.74
49.824
51.842
57.794
67.681
69.598
71.715
73.549
77.518
79.635
81.619
85.521
87.505
89.405
91.506
95.441
107.412
121.15
125.202
127.286
131.154
133.255
135.072
137.189
139.107
145.126
147.126
150.978
153.045
155.079
162.915
166.883
168.918
170.802
172.886
176.904
182.656
184.723
190.675
194.694
198.678
202.68
208.465
214.551
218.519
224.471
228.373
238.376
244.362
246.346
250.264
258.2
260.151
262.218
264.152
266.186
269.988
274.056
275.94
279.891
285.943
289.828
295.814
297.914
299.715
301.833
303.733
305.851
307.785
309.719
325.558
327.492
331.61
333.611
337.512
341.397
349.433
355.269
359.32
361.271
363.405
365.289
371.141
375.226
377.127
385.113
393.132
395.1
401.019
402.953
410.822
412.89
414.84
424.861
426.695
438.666
440.7
442.667
446.669
448.569
458.506
462.591
466.492
468.51
474.479
480.464
482.298
484.349
486.233
492.202
494.169
496.287
500.171
504.19
