4.254
6.08
10.025
12.051
17.888
19.954
21.9
23.806
25.858
33.668
35.681
37.733
41.771
45.716
47.502
49.488
51.461
57.445
67.24
69.2
71.185
73.211
77.236
79.208
81.074
85.139
87.112
89.004
91.03
95.028
106.89
120.537
124.575
126.641
130.573
132.532
134.491
136.504
138.396
144.247
146.313
150.244
152.31
154.296
162.172
166.144
167.997
170.022
171.915
176.046
181.951
183.896
189.854
193.719
197.69
201.649
207.593
213.51
217.455
223.333
227.371
237.153
243.031
245.056
249.001
256.918
258.917
260.836
262.742
264.901
268.74
272.711
274.71
278.602
284.573
288.504
294.382
296.354
298.42
300.312
302.365
304.444
306.27
308.296
324.089
326.168
329.913
332.085
335.91
339.909
347.798
353.623
357.541
359.62
361.606
363.485
369.456
373.481
375.346
383.236
391.286
393.299
399.096
401.055
409.052
410.998
412.85
422.713
424.778
436.627
438.519
440.665
444.423
446.596
456.431
460.336
464.295
466.254
472.051
478.142
479.968
482.1
484.086
489.977
491.936
493.975
497.867
501.678
