4.22
6.238
10.206
12.19
17.992
20.093
22.093
24.077
25.961
33.914
35.915
37.966
41.834
45.802
47.836
49.853
51.704
57.856
67.726
69.627
71.611
73.595
77.58
79.497
81.465
85.416
87.467
89.384
91.435
95.536
107.441
121.179
125.297
127.148
131.066
133.183
135.051
137.201
139.002
144.937
146.921
150.973
153.057
154.891
162.844
166.779
168.746
170.847
172.797
176.782
182.668
184.652
190.771
194.555
198.59
202.592
208.427
214.579
218.381
224.499
228.267
238.238
244.257
246.174
250.292
258.112
260.012
262.18
264.18
266.081
270.099
274.034
275.918
279.919
285.938
289.756
295.708
297.826
299.81
301.744
303.711
305.679
307.813
309.63
325.519
327.553
331.455
333.489
337.44
341.458
349.394
355.347
359.298
361.232
363.266
365.283
371.236
375.12
377.221
385.191
392.977
394.961
401.063
402.914
410.783
412.834
414.785
424.755
426.772
438.593
440.627
442.728
446.613
448.597
458.534
462.402
466.353
468.454
474.456
480.258
482.209
484.293
486.21
492.162
494.197
496.164
500.182
504.167
