4.215
6.249
10.1
12.101
18.053
20.137
22.138
24.089
26.006
33.926
35.91
37.977
41.812
45.813
47.781
49.715
51.865
57.668
67.755
69.622
71.673
73.673
77.641
79.609
81.476
85.461
87.445
89.396
91.396
95.531
107.419
121.241
125.142
127.11
131.061
133.062
135.229
137.213
139.064
144.949
147.067
150.985
153.002
154.97
162.806
166.807
168.875
170.892
172.793
176.711
182.746
184.764
190.599
194.734
198.719
202.67
208.506
214.441
218.459
224.428
228.463
238.217
244.252
246.236
250.254
258.057
260.091
262.192
264.176
266.043
269.962
274.013
275.93
279.915
285.867
289.935
295.904
297.922
299.856
301.823
303.791
305.825
307.842
309.693
325.565
327.549
331.501
333.485
337.603
341.454
349.324
355.459
359.377
361.245
363.312
365.296
371.265
375.217
377.101
385.053
392.973
394.99
400.943
402.893
410.913
412.914
414.981
424.735
426.752
438.673
440.657
442.691
446.576
448.693
458.63
462.415
466.517
468.367
474.453
480.288
482.239
484.34
486.24
492.259
494.177
496.177
500.229
504.114
