4.09
6.174
10.242
12.226
18.045
20.045
21.996
23.98
26.048
33.984
35.968
37.902
41.97
45.871
47.822
49.806
51.774
57.676
67.729
69.647
71.564
73.531
77.533
79.484
81.468
85.519
87.453
89.554
91.421
95.373
107.344
121.299
125.267
127.284
131.186
133.053
135.054
137.021
139.122
145.074
146.925
150.926
152.994
154.894
162.881
166.799
168.916
170.883
172.767
176.802
182.754
184.822
190.591
194.559
198.56
202.662
208.514
214.449
218.434
224.503
228.471
238.375
244.243
246.211
250.246
258.198
260.099
262.05
264.017
266.051
270.019
273.938
275.938
279.973
285.892
289.827
295.912
297.846
299.747
301.731
303.782
305.649
307.733
309.6
325.49
327.557
331.425
333.409
337.411
341.329
349.298
355.367
359.352
361.319
363.17
365.204
371.139
375.124
377.108
385.161
392.914
394.948
401
403.001
410.904
412.738
414.872
424.759
426.726
438.597
440.548
442.532
446.6
448.634
458.555
462.406
466.307
468.375
474.244
480.179
482.313
484.331
486.265
492.233
494.167
496.152
500.103
503.988
