4.103
6.253
10.138
12.156
17.974
20.158
22.126
24.027
25.944
33.93
35.847
37.982
41.966
45.934
47.802
49.886
51.903
57.672
67.709
69.66
71.727
73.694
77.679
79.497
81.514
85.449
87.583
89.584
91.434
95.386
107.323
121.345
125.196
127.197
131.199
133.183
135.217
137.201
139.035
144.953
147.088
150.906
152.923
155.057
162.977
166.811
168.895
170.829
172.78
176.765
182.75
184.735
190.62
194.538
198.523
202.441
208.443
214.495
218.38
224.315
228.3
238.354
244.156
246.19
250.208
258.161
260.045
261.996
264.046
265.947
270.049
273.917
275.834
279.819
285.838
289.706
295.691
297.725
299.826
301.793
303.744
305.711
307.646
309.68
325.552
327.603
331.421
333.371
337.506
341.424
349.344
355.213
359.147
361.282
363.199
365.15
371.052
375.153
377.004
385.073
392.993
394.86
400.846
402.847
410.816
412.85
414.801
424.654
426.688
438.643
440.493
442.527
446.479
448.58
458.417
462.418
466.303
468.403
474.322
480.241
482.158
484.243
486.26
492.179
494.246
496.163
499.998
504.1
