4.108
6.142
10.177
12.094
18.18
20.047
21.964
24.032
25.966
33.969
35.886
37.937
41.905
45.889
47.89
49.774
51.758
57.76
67.697
69.715
71.599
73.616
77.584
79.585
81.486
85.47
87.538
89.555
91.406
95.474
107.312
121.283
125.201
127.152
131.204
133.188
135.038
137.072
139.156
145.075
146.909
150.927
152.995
155.029
162.882
166.9
168.9
170.718
172.902
176.837
182.755
184.639
190.558
194.543
198.611
202.496
208.465
214.45
218.435
224.287
228.422
238.275
244.211
246.078
250.163
258.166
260.167
262.134
264.035
266.069
269.903
273.855
275.956
279.874
285.959
289.877
295.679
297.763
299.764
301.648
303.666
305.733
307.75
309.701
325.607
327.491
331.442
333.51
337.528
341.446
349.332
355.251
359.286
361.32
363.22
365.154
371.24
375.108
377.059
385.062
392.964
395.082
400.934
402.918
410.938
412.905
414.806
424.776
426.727
438.697
440.648
442.666
446.55
448.584
458.538
462.489
466.508
468.358
474.294
480.279
482.28
484.231
486.181
492.2
494.217
496.068
500.07
504.154
