4.09
6.157
10.126
12.076
18.145
20.062
22.08
24.081
25.915
33.851
35.852
38.002
41.804
45.939
47.839
49.79
51.774
57.826
67.613
69.681
71.598
73.699
77.517
79.584
81.618
85.57
87.504
89.521
91.422
95.507
107.344
121.233
125.217
127.218
131.236
133.07
135.138
137.138
138.989
145.058
147.009
151.01
152.928
154.962
162.831
166.749
168.867
170.884
172.801
176.77
182.755
184.656
190.558
194.659
198.611
202.479
208.464
214.5
218.351
224.454
228.255
238.259
244.311
246.212
250.163
257.999
260.133
262.051
264.135
266.052
270.037
273.988
275.889
279.924
285.909
289.777
295.846
297.68
299.831
301.698
303.799
305.717
307.584
309.701
325.457
327.541
331.526
333.377
337.395
341.463
349.282
355.268
359.353
361.254
363.204
365.255
371.107
375.042
377.076
385.012
393.082
394.866
400.918
402.919
410.805
412.789
414.723
424.66
426.611
438.515
440.599
442.566
446.601
448.435
458.406
462.474
466.292
468.276
474.345
480.264
482.248
484.148
486.332
492.251
494.152
496.253
500.154
504.056
