4.226
6.177
10.162
12.129
17.998
19.966
21.983
24.1
26.001
34.004
35.855
37.856
41.84
45.825
47.759
49.877
51.894
57.78
67.65
69.751
71.635
73.535
77.52
79.554
81.472
85.523
87.424
89.441
91.409
95.41
107.231
121.27
125.254
127.255
131.057
133.091
135.041
137.075
139.093
145.078
147.046
150.931
152.965
155.032
162.968
166.736
168.887
170.704
172.772
176.79
182.676
184.66
190.545
194.713
198.548
202.516
208.418
214.404
218.389
224.441
228.359
238.296
244.132
246.266
250.2
258.02
260.137
262.071
263.939
266.123
269.974
273.926
275.977
279.795
285.88
289.898
295.767
297.751
299.669
301.669
303.754
305.671
307.688
309.572
325.628
327.562
331.43
333.431
337.466
341.301
349.254
355.189
359.207
361.275
363.125
365.176
371.178
374.996
377.114
384.917
392.92
394.904
400.973
402.807
410.876
412.877
414.828
424.715
426.682
438.653
440.654
442.505
446.523
448.49
458.327
462.429
466.413
468.297
474.283
480.152
482.253
484.287
486.137
492.056
494.04
496.141
500.059
504.011
