4.082
6.083
10.118
12.068
18.037
19.988
22.072
24.056
26.057
33.96
36.027
37.928
41.813
45.848
47.899
49.749
51.9
57.836
67.656
69.607
71.591
73.542
77.643
79.594
81.528
85.463
87.397
89.548
91.549
95.383
107.405
121.243
125.111
127.246
131.114
133.031
135.032
136.999
139.1
145.069
146.92
150.888
152.889
155.006
162.909
166.911
168.895
170.746
172.813
176.831
182.617
184.768
190.57
194.571
198.489
202.474
208.46
214.412
218.514
224.399
228.318
238.338
244.14
246.141
250.243
258.029
260.046
261.964
263.998
265.949
269.983
274.018
276.019
280.021
285.89
289.874
295.877
297.727
299.828
301.662
303.78
305.764
307.598
309.749
325.638
327.639
331.49
333.591
337.493
341.411
349.464
355.249
359.268
361.352
363.302
365.136
371.089
375.224
377.058
385.044
393.047
394.898
401.033
402.851
410.887
412.771
414.789
424.642
426.693
438.681
440.599
442.583
446.551
448.502
458.539
462.457
466.492
468.443
474.295
480.38
482.214
484.299
486.199
492.118
494.119
496.12
500.071
504.073
