4.229
6.247
10.115
12.099
18.034
19.952
21.953
24.07
26.087
34.007
35.958
37.858
41.893
45.861
47.729
49.846
51.897
57.816
67.769
69.653
71.737
73.538
77.64
79.474
81.591
85.442
87.577
89.377
91.428
95.446
107.284
121.139
125.224
127.058
131.026
133.06
135.144
137.095
139.162
144.948
146.998
150.983
152.967
154.968
162.871
166.772
168.74
170.724
172.874
176.809
182.711
184.779
190.631
194.532
198.484
202.502
208.571
214.373
218.408
224.443
228.345
238.198
244.201
246.268
250.053
258.122
260.14
262.041
264.025
266.075
269.943
274.028
275.962
279.847
285.899
289.901
295.736
297.854
299.721
301.655
303.606
305.623
307.624
309.708
325.58
327.548
331.583
333.367
337.452
341.47
349.323
355.208
359.36
361.21
363.144
365.178
371.231
375.132
377.083
385.069
393.072
395.023
401.008
402.976
410.795
412.863
414.78
424.634
426.701
438.605
440.656
442.54
446.592
448.642
458.429
462.431
466.382
468.416
474.435
480.304
482.338
484.305
486.239
492.108
494.159
496.11
500.078
504.196
