4.265
6.216
10.05
12.134
18.087
19.971
21.938
24.039
25.956
34.026
35.826
37.977
41.829
45.863
47.797
49.915
51.699
57.818
67.571
69.672
71.573
73.573
77.642
79.626
81.526
85.478
87.579
89.463
91.413
95.381
107.236
121.224
125.092
127.243
131.044
133.179
135.046
137.03
138.981
145.066
146.95
150.902
152.969
154.986
162.889
166.924
168.775
170.776
172.81
176.794
182.697
184.764
190.733
194.651
198.636
202.537
208.523
214.475
218.443
224.362
228.313
238.283
244.286
246.22
250.054
258.124
260.041
262.025
264.076
266.044
269.895
273.98
275.88
279.815
285.884
289.836
295.804
297.755
299.656
301.823
303.724
305.791
307.742
309.643
325.515
327.433
331.517
333.385
337.42
341.388
349.324
355.309
359.344
361.162
363.229
365.33
371.282
375.067
377.234
385.12
393.023
395.024
400.876
403.01
410.913
412.914
414.864
424.801
426.785
438.573
440.707
442.625
446.643
448.643
458.53
462.448
466.433
468.451
474.253
480.405
482.289
484.323
486.157
492.209
494.21
496.127
500.129
504.114
