4.161
6.246
10.23
12.148
18.066
20.15
22.085
24.052
26.003
33.872
35.856
38.007
41.942
45.793
47.86
49.778
51.829
57.814
67.684
69.585
71.602
73.703
77.604
79.505
81.473
85.491
87.475
89.509
91.376
95.528
107.449
121.253
125.288
127.272
131.224
133.158
135.042
137.042
139.177
144.962
147.046
150.931
153.065
154.866
162.935
166.803
168.804
170.838
172.755
176.807
182.709
184.693
190.562
194.53
198.665
202.499
208.518
214.537
218.455
224.457
228.292
238.212
244.331
246.248
250.25
258.203
260.037
262.187
264.155
266.039
269.957
273.908
275.942
279.844
285.863
289.881
295.85
297.867
299.784
301.702
303.836
305.82
307.754
309.705
325.527
327.528
331.462
333.53
337.515
341.516
349.352
355.238
359.372
361.29
363.224
365.275
371.127
375.195
377.079
385.198
392.968
395.102
400.904
402.905
410.941
412.875
414.859
424.713
426.813
438.568
440.585
442.602
446.604
448.538
458.591
462.376
466.461
468.362
474.464
480.366
482.283
484.334
486.201
492.303
494.304
496.205
500.223
504.174
