4.28
6.18
10.032
12.099
18.068
19.952
22.036
24.037
26.104
33.907
35.941
37.942
41.91
45.795
47.929
49.913
51.747
57.833
67.67
69.67
71.721
73.639
77.523
79.524
81.558
85.593
87.544
89.394
91.495
95.33
107.251
121.306
125.124
127.258
131.043
133.044
135.111
137.179
139.129
144.965
146.899
150.967
153.051
154.969
162.855
166.84
168.874
170.808
172.725
176.86
182.795
184.646
190.632
194.55
198.501
202.603
208.605
214.474
218.409
224.327
228.429
238.216
244.251
246.185
250.204
258.09
260.041
261.975
263.959
266.009
270.028
273.929
275.88
279.948
285.817
289.818
295.72
297.738
299.722
301.823
303.79
305.674
307.741
309.742
325.531
327.465
331.45
333.418
337.336
341.504
349.307
355.242
359.294
361.211
363.279
365.263
371.098
375.216
377.167
385.053
392.989
394.924
400.926
402.91
410.879
412.78
414.848
424.684
426.769
438.59
440.524
442.508
446.459
448.493
458.347
462.382
466.333
468.451
474.386
480.338
482.306
484.29
486.274
492.259
494.177
496.144
500.062
503.997
