4.262
6.096
10.148
12.015
18.001
20.068
21.936
24.036
26.02
33.873
35.857
37.975
41.793
45.811
47.912
49.813
51.763
57.715
67.736
69.72
71.654
73.571
77.689
79.657
81.658
85.492
87.443
89.427
91.545
95.463
107.417
121.155
125.307
127.241
131.242
133.076
135.211
137.145
139.145
145.098
147.048
150.95
152.95
154.901
162.821
166.806
168.94
170.907
172.891
176.876
182.761
184.745
190.614
194.549
198.551
202.569
208.554
214.54
218.358
224.31
228.428
238.165
244.317
246.151
250.22
258.156
260.056
261.991
264.075
266.075
270.027
274.045
276.029
279.98
285.966
289.951
295.886
297.72
299.721
301.738
303.823
305.79
307.807
309.658
325.497
327.515
331.483
333.5
337.568
341.536
349.423
355.258
359.226
361.327
363.294
365.228
371.097
375.182
377.216
385.052
392.922
394.956
400.942
402.992
410.912
412.813
414.747
424.834
426.684
438.705
440.673
442.54
446.542
448.459
458.579
462.448
466.416
468.35
474.435
480.337
482.205
484.356
486.24
492.125
494.159
496.193
500.145
504.163
