4.264
6.165
10.217
12.167
18.069
20.037
21.971
23.972
26.106
33.892
35.976
37.91
41.795
45.829
47.78
49.831
51.815
57.85
67.637
69.555
71.572
73.689
77.658
79.642
81.459
85.444
87.428
89.562
91.546
95.381
107.368
121.157
125.225
127.292
131.193
133.061
135.112
137.179
139.18
145.032
147.133
150.934
152.935
154.952
162.938
166.923
168.757
170.874
172.758
176.743
182.845
184.763
190.765
194.65
198.684
202.503
208.638
214.49
218.492
224.41
228.312
238.315
244.201
246.152
250.236
258.156
260.023
262.207
264.191
266.109
270.06
273.912
276.062
280.064
285.899
289.817
295.853
297.803
299.704
301.822
303.772
305.79
307.707
309.791
325.547
327.581
331.632
333.516
337.484
341.553
349.405
355.408
359.359
361.276
363.194
365.328
371.297
375.115
377.199
385.018
392.971
394.988
400.891
402.958
410.944
412.878
414.912
424.816
426.883
438.621
440.772
442.556
446.524
448.508
458.611
462.479
466.398
468.398
474.35
480.336
482.353
484.271
486.405
492.34
494.258
496.275
500.126
504.144
