4.292
6.209
10.177
12.061
18.163
20.148
22.132
24.066
26.1
33.903
35.837
38.004
41.939
45.824
47.741
49.892
51.726
57.695
67.732
69.766
71.733
73.734
77.585
79.536
81.653
85.555
87.556
89.523
91.39
95.442
107.396
121.201
125.286
127.103
131.222
133.106
135.09
137.157
139.024
145.143
147.011
151.096
152.93
154.897
162.9
166.785
168.952
170.936
172.737
176.688
182.774
184.741
190.727
194.728
198.68
202.498
208.567
214.485
218.554
224.422
228.341
238.361
244.313
246.28
250.165
258.085
260.102
262.153
264.154
266.138
270.139
274.041
275.975
279.943
285.995
289.946
295.865
297.733
299.75
301.834
303.685
305.686
307.82
309.77
325.543
327.677
331.462
333.462
337.581
341.532
349.418
355.32
359.389
361.356
363.34
365.274
371.243
375.194
377.162
385.198
392.968
395.035
400.871
402.871
410.924
412.958
414.892
424.729
426.797
438.618
440.618
442.569
446.621
448.488
458.525
462.46
466.495
468.429
474.364
480.316
482.3
484.234
486.352
492.287
494.288
496.105
500.257
504.025
