4.283
6.167
10.102
12.053
18.088
20.106
22.007
24.074
25.975
34.044
35.895
37.812
41.914
45.899
47.816
49.883
51.901
57.786
67.59
69.557
71.541
73.525
77.593
79.678
81.662
85.546
87.464
89.598
91.398
95.433
107.271
121.309
125.244
127.212
131.213
133.214
135.148
137.015
139.166
145.151
147.135
150.937
152.971
155.022
162.975
166.926
168.76
170.794
172.828
176.83
182.682
184.733
190.685
194.636
198.671
202.622
208.441
214.527
218.562
224.48
228.465
238.369
244.171
246.205
250.173
258.193
260.01
262.011
264.095
266.012
270.064
274.015
275.916
279.917
285.869
289.938
295.79
297.707
299.691
301.759
303.676
305.66
307.661
309.578
325.484
327.601
331.469
333.503
337.488
341.506
349.276
355.411
359.38
361.214
363.348
365.132
371.167
375.169
377.103
385.156
393.025
395.026
400.911
402.895
410.948
412.782
414.733
424.803
426.754
438.575
440.593
442.51
446.645
448.545
458.582
462.417
466.352
468.503
474.288
480.324
482.291
484.175
486.276
492.278
494.295
496.28
500.131
504.132
