4.163
6.081
10.099
12.183
18.135
20.153
21.937
23.954
26.021
33.924
35.908
38.009
41.977
45.862
47.896
49.747
51.714
57.85
67.703
69.704
71.588
73.672
77.557
79.574
81.542
85.51
87.444
89.561
91.379
95.53
107.384
121.306
125.174
127.075
131.126
133.06
135.094
137.162
139.029
144.948
146.915
150.95
152.868
155.035
162.855
166.823
168.89
170.757
172.675
176.743
182.695
184.579
190.615
194.633
198.468
202.569
208.488
214.507
218.458
224.427
228.295
238.199
244.268
246.102
250.053
258.139
260.09
262.074
264.108
265.975
270.077
273.978
275.846
279.797
285.783
289.867
295.736
297.72
299.721
301.755
303.689
305.59
307.774
309.708
325.43
327.565
331.483
333.517
337.485
341.403
349.289
355.391
359.243
361.243
363.177
365.212
371.197
375.065
377.216
384.952
393.088
395.006
400.991
403.009
410.945
412.896
414.83
424.667
426.801
438.655
440.589
442.64
446.658
448.459
458.362
462.53
466.382
468.432
474.251
480.303
482.287
484.255
486.339
492.224
494.092
496.143
500.027
504.162
