4.118
6.119
10.12
12.121
18.124
20.057
21.958
23.976
26.026
33.896
35.963
37.881
41.799
45.767
47.868
49.885
51.719
57.671
67.558
69.642
71.71
73.61
77.662
79.546
81.463
85.615
87.432
89.449
91.433
95.385
107.389
121.211
125.179
127.263
131.081
133.182
135.183
137.033
139.184
145.136
146.937
150.922
153.022
154.94
162.859
166.827
168.778
170.796
172.78
176.681
182.817
184.684
190.653
194.704
198.506
202.624
208.459
214.428
218.33
224.382
228.266
238.153
244.122
246.073
250.241
258.177
260.061
261.945
263.979
266.014
269.915
273.883
276.034
280.002
285.871
289.872
295.858
297.792
299.676
301.777
303.694
305.745
307.695
309.629
325.519
327.603
331.487
333.388
337.456
341.341
349.361
355.279
359.281
361.232
363.166
365.216
371.252
375.187
377.054
385.04
392.943
394.944
400.979
402.963
410.8
412.85
414.751
424.655
426.739
438.643
440.577
442.494
446.579
448.497
458.384
462.452
466.47
468.471
474.389
480.225
482.309
484.243
486.294
492.246
494.247
496.231
500.065
504.05
