4.119
6.12
10.071
12.189
18.107
20.008
22.126
24.06
25.927
33.847
35.931
37.815
41.933
45.784
47.835
49.836
51.82
57.839
67.676
69.66
71.627
73.695
77.663
79.58
81.647
85.549
87.5
89.417
91.501
95.469
107.307
121.195
125.263
127.281
131.249
133.25
135.134
137.201
139.202
145.087
147.055
150.956
153.057
154.991
162.894
166.779
168.829
170.83
172.798
176.716
182.685
184.769
190.771
194.706
198.607
202.575
208.627
214.496
218.431
224.5
228.318
238.255
244.174
246.341
250.243
258.062
260.163
262.03
264.181
265.998
270.033
273.951
275.985
279.87
285.889
289.79
295.793
297.76
299.844
301.795
303.746
305.796
307.764
309.781
325.62
327.654
331.472
333.557
337.591
341.543
349.346
355.348
359.366
361.35
363.317
365.268
371.237
375.172
377.156
385.075
393.045
395.096
400.931
402.999
410.852
412.936
414.986
424.707
426.741
438.745
440.663
442.647
446.681
448.632
458.552
462.404
466.555
468.523
474.492
480.294
482.411
484.345
486.363
492.215
494.332
496.166
500.201
504.119
