4.19
6.274
10.242
12.176
18.095
20.029
22.113
23.964
26.114
34.034
35.868
37.969
41.937
45.872
47.789
49.773
51.757
57.743
67.679
69.68
71.664
73.532
77.666
79.55
81.501
85.486
87.587
89.521
91.555
95.456
107.411
121.266
125.167
127.268
131.119
133.153
135.187
137.105
139.089
145.091
147.075
150.993
152.91
154.928
163.014
166.849
168.783
170.95
172.768
176.802
182.704
184.772
190.657
194.726
198.71
202.612
208.631
214.433
218.434
224.336
228.354
238.291
244.177
246.344
250.246
258.048
260.216
262.117
264.067
266.118
270.003
273.971
275.972
280.073
285.909
289.943
295.846
297.796
299.847
301.864
303.798
305.849
307.7
309.651
325.606
327.54
331.608
333.593
337.561
341.462
349.432
355.334
359.385
361.253
363.353
365.221
371.24
375.174
377.242
385.145
393.114
395.081
401.05
403.051
410.887
412.988
414.855
424.776
426.81
438.597
440.648
442.649
446.667
448.584
458.538
462.406
466.574
468.475
474.36
480.346
482.296
484.23
486.415
492.35
494.251
496.151
500.286
504.154
