4.117
6.085
10.22
12.187
18.022
20.04
21.941
24.125
25.925
33.995
35.912
37.963
41.898
45.799
47.784
49.734
51.718
57.771
67.641
69.725
71.692
73.643
77.511
79.562
81.596
85.614
87.498
89.466
91.483
95.385
107.389
121.227
125.246
127.296
131.214
133.199
135.199
137.117
139.051
145.053
146.97
151.105
152.906
154.94
162.91
166.894
168.778
170.863
172.713
176.865
182.65
184.684
190.737
194.555
198.623
202.541
208.426
214.462
218.53
224.316
228.334
238.271
244.306
246.274
250.109
258.162
260.129
262.046
264.18
266.048
269.999
274.017
276.002
280.02
285.972
289.923
295.759
297.76
299.81
301.828
303.695
305.646
307.647
309.797
325.637
327.471
331.455
333.49
337.541
341.426
349.329
355.348
359.349
361.283
363.201
365.318
371.137
375.188
377.122
385.025
393.028
394.929
400.998
402.915
410.918
412.986
414.77
424.807
426.874
438.595
440.563
442.63
446.515
448.516
458.503
462.504
466.539
468.356
474.292
480.361
482.345
484.229
486.213
492.198
494.216
496.283
500.268
504.12
