4.112
6.197
10.198
12.115
18.034
19.952
22.102
23.986
25.92
34.007
35.907
37.891
41.893
45.928
47.878
49.829
51.696
57.815
67.602
69.553
71.637
73.604
77.489
79.59
81.574
85.492
87.409
89.494
91.561
95.446
107.317
121.172
125.29
127.107
131.059
133.193
135.193
137.027
139.078
144.947
147.081
151.033
153
154.934
162.937
166.888
168.906
170.706
172.874
176.659
182.627
184.628
190.714
194.598
198.5
202.451
208.403
214.506
218.374
224.459
228.244
238.231
244.2
246.167
250.069
258.005
260.172
262.106
264.09
266.008
270.076
274.061
276.011
280.013
285.948
289.933
295.685
297.836
299.637
301.671
303.788
305.739
307.573
309.64
325.429
327.58
331.398
333.416
337.434
341.402
349.355
355.357
359.158
361.142
363.293
365.294
371.246
375.164
377.098
385.068
393.087
394.921
401.024
402.808
410.944
412.761
414.845
424.832
426.716
438.654
440.538
442.555
446.507
448.608
458.411
462.446
466.431
468.398
474.417
480.269
482.236
484.171
486.205
492.123
494.274
496.108
500.226
504.194
