4.088
6.256
10.124
12.041
18.127
20.127
21.945
24.029
25.93
34.016
35.933
37.834
41.969
45.937
47.854
49.721
51.789
57.724
67.661
69.662
71.613
73.647
77.681
79.532
81.466
85.551
87.585
89.586
91.436
95.371
107.275
121.197
125.315
127.116
131.084
133.185
135.052
137.219
139.103
145.056
147.04
150.924
153.042
155.026
162.862
166.813
168.864
170.765
172.832
176.767
182.669
184.636
190.572
194.607
198.541
202.543
208.528
214.48
218.465
224.501
228.269
238.389
244.174
246.242
250.093
258.23
260.197
262.031
264.182
266.082
269.984
274.085
276.069
279.854
285.873
289.974
295.76
297.71
299.761
301.812
303.796
305.83
307.63
309.665
325.687
327.671
331.522
333.623
337.424
341.409
349.479
355.414
359.316
361.25
363.2
365.318
371.303
375.255
377.155
385.092
393.011
394.978
400.947
403.015
410.884
412.835
414.919
424.706
426.756
438.577
440.695
442.712
446.614
448.598
458.518
462.586
466.387
468.388
474.457
480.426
482.326
484.227
486.194
492.197
494.297
496.248
500.116
504.168
