4.102
6.12
10.188
12.072
18.091
20.008
21.959
24.026
26.01
33.863
35.947
37.881
41.85
45.851
47.818
49.769
51.82
57.739
67.659
69.576
71.677
73.728
77.629
79.663
81.614
85.449
87.433
89.5
91.418
95.369
107.257
121.279
125.247
127.081
131.166
133.066
135.1
137.101
139.052
145.037
146.955
150.89
152.874
154.991
162.844
166.812
168.83
170.847
172.748
176.732
182.618
184.635
190.688
194.722
198.657
202.475
208.461
214.53
218.448
224.45
228.351
238.255
244.124
246.241
250.093
257.996
260.013
261.981
264.098
265.982
270.033
273.868
276.019
279.937
285.889
289.791
295.743
297.694
299.678
301.695
303.679
305.663
307.664
309.681
325.604
327.421
331.456
333.49
337.475
341.476
349.329
355.248
359.333
361.217
363.118
365.169
371.137
375.156
377.156
384.959
392.962
395.013
400.798
402.782
410.852
412.803
414.853
424.724
426.641
438.696
440.663
442.48
446.632
448.416
458.503
462.504
466.472
468.457
474.342
480.228
482.278
484.262
486.13
492.165
494.249
496.117
500.118
503.986
