4.117
6.151
10.135
12.169
18.005
20.006
22.123
24.074
25.974
34.027
36.028
37.995
41.964
45.915
47.932
49.833
51.884
57.753
67.589
69.607
71.574
73.642
77.626
79.477
81.494
85.579
87.513
89.531
91.531
95.533
107.354
121.175
125.11
127.211
131.112
133.096
135.08
136.998
139.082
144.967
146.918
151.053
152.87
154.954
162.957
166.758
168.793
170.76
172.761
176.795
182.664
184.798
190.75
194.719
198.603
202.521
208.423
214.392
218.394
224.496
228.381
238.201
244.136
246.22
250.255
258.208
260.025
262.176
264.11
266.094
270.112
273.98
275.914
279.966
285.868
289.769
295.822
297.889
299.856
301.674
303.691
305.642
307.743
309.627
325.649
327.466
331.534
333.602
337.57
341.338
349.307
355.376
359.278
361.178
363.246
365.247
371.299
375.15
377.067
385.037
393.007
394.941
400.926
402.977
410.863
412.764
414.948
424.751
426.819
438.69
440.64
442.724
446.559
448.476
458.53
462.565
466.333
468.35
474.352
480.388
482.272
484.389
486.307
492.226
494.226
496.26
500.195
504.03
