4.158
6.125
10.177
12.094
18.13
20.03
22.114
24.048
26.083
34.035
35.903
37.937
41.788
45.806
47.84
49.891
51.792
57.861
67.681
69.648
71.666
73.65
77.618
79.602
81.569
85.454
87.522
89.539
91.54
95.474
107.295
121.151
125.102
127.269
131.087
133.155
135.156
137.123
138.974
144.993
146.91
150.878
152.995
154.979
162.799
166.834
168.768
170.852
172.853
176.771
182.773
184.657
190.559
194.594
198.562
202.564
208.582
214.518
218.353
224.305
228.373
238.16
244.212
246.163
250.097
258
260.001
261.985
263.953
266.02
269.905
273.873
275.907
279.958
285.911
289.862
295.664
297.748
299.666
301.766
303.667
305.584
307.652
309.569
325.475
327.476
331.527
333.411
337.346
341.347
349.384
355.286
359.287
361.221
363.189
365.139
371.225
375.093
377.11
385.097
393.033
394.984
400.902
402.853
410.739
412.873
414.824
424.644
426.578
438.549
440.617
442.551
446.469
448.603
458.523
462.408
466.276
468.277
474.262
480.248
482.232
484.149
486.25
492.236
494.053
496.054
500.089
503.957
