4.203
6.154
10.239
12.139
18.125
20.009
21.943
24.127
26.044
33.981
35.831
37.965
41.917
45.785
47.936
49.736
51.837
57.789
67.593
69.66
71.677
73.645
77.629
79.597
81.664
85.632
87.466
89.45
91.551
95.486
107.44
121.195
125.28
127.197
131.115
133.099
135.033
137.117
139.085
145.003
147.038
151.106
152.99
154.94
162.91
166.811
168.812
170.896
172.863
176.748
182.85
184.718
190.636
194.588
198.723
202.507
208.626
214.512
218.43
224.315
228.367
238.403
244.289
246.34
250.208
258.06
260.061
262.095
263.996
266.047
269.965
274.033
275.9
280.002
285.954
289.805
295.774
297.725
299.842
301.826
303.71
305.827
307.828
309.812
325.568
327.635
331.653
333.437
337.439
341.373
349.476
355.462
359.397
361.247
363.398
365.249
371.234
375.252
377.236
385.056
393.109
395.143
400.928
402.995
410.865
412.999
414.933
424.82
426.721
438.741
440.675
442.643
446.544
448.595
458.582
462.55
466.368
468.402
474.471
480.456
482.374
484.358
486.408
492.194
494.345
496.262
500.113
504.065
