4.208
6.092
10.16
12.128
18.047
20.147
22.031
24.066
26.016
33.953
35.87
37.904
41.905
45.907
47.891
49.758
51.909
57.695
67.615
69.716
71.633
73.65
77.652
79.636
81.67
85.605
87.589
89.556
91.507
95.525
107.28
121.351
125.319
127.254
131.222
133.139
135.19
137.14
139.158
144.977
147.044
151.096
152.946
155.03
162.9
166.835
168.802
170.853
172.804
176.855
182.807
184.741
190.56
194.628
198.663
202.581
208.483
214.469
218.404
224.456
228.457
238.278
244.263
246.214
250.099
258.202
260.086
262.07
263.97
266.005
270.039
274.008
275.975
279.926
285.795
289.813
295.832
297.8
299.767
301.834
303.668
305.719
307.753
309.704
325.56
327.477
331.562
333.446
337.431
341.416
349.319
355.271
359.239
361.273
363.207
365.191
371.26
375.111
377.062
385.198
393.035
395.035
401.038
402.922
410.908
412.925
414.943
424.713
426.847
438.618
440.736
442.653
446.638
448.588
458.475
462.544
466.428
468.529
474.398
480.267
482.267
484.218
486.386
492.221
494.239
496.306
500.124
504.092
