4.286
6.203
10.088
12.122
18.041
20.158
22.143
23.943
26.027
33.847
35.948
37.832
41.85
45.918
47.919
49.753
51.871
57.823
67.593
69.544
71.661
73.512
77.514
79.464
81.465
85.483
87.417
89.368
91.386
95.321
107.358
121.114
125.082
127.066
131.084
133.135
135.086
136.97
138.987
144.923
146.907
150.975
152.876
155.01
162.796
166.714
168.865
170.866
172.767
176.735
182.654
184.771
190.607
194.492
198.46
202.561
208.514
214.399
218.351
224.32
228.338
238.325
244.277
246.161
250.246
257.999
260.017
261.951
264.118
266.002
270.021
274.022
275.939
279.824
285.877
289.861
295.797
297.664
299.832
301.633
303.733
305.734
307.702
309.652
325.558
327.409
331.394
333.445
337.496
341.314
349.234
355.37
359.255
361.189
363.256
365.257
371.059
375.044
377.128
385.148
393.051
394.902
400.92
402.888
410.841
412.925
414.876
424.713
426.68
438.635
440.636
442.503
446.521
448.539
458.559
462.477
466.379
468.463
474.382
480.234
482.235
484.202
486.27
492.272
494.206
496.207
500.158
504.093
