4.269
6.253
10.088
12.022
18.074
20.041
21.976
24.01
26.11
33.963
35.998
37.998
41.983
45.768
47.919
49.919
51.854
57.756
67.593
69.594
71.711
73.662
77.563
79.681
81.615
85.5
87.6
89.518
91.518
95.453
107.258
121.146
125.248
127.282
131.217
133.218
135.085
137.219
139.07
145.039
147.073
151.108
153.075
154.926
162.829
166.964
168.864
170.782
172.866
176.717
182.853
184.654
190.623
194.691
198.709
202.51
208.646
214.498
218.4
224.419
228.32
238.407
244.276
246.344
250.195
258.215
260.199
262.166
264.134
265.984
269.969
273.921
276.022
280.056
285.859
289.877
295.846
297.813
299.864
301.881
303.882
305.766
307.65
309.684
325.557
327.641
331.626
333.627
337.511
341.43
349.399
355.335
359.32
361.27
363.338
365.305
371.157
375.159
377.21
385.113
393.016
394.95
400.919
402.919
410.872
412.857
414.957
424.744
426.895
438.633
440.734
442.601
446.719
448.52
458.624
462.442
466.41
468.511
474.313
480.349
482.416
484.284
486.301
492.27
494.204
496.188
500.273
504.208
