4.12
6.121
10.139
12.223
18.109
20.059
22.143
24.011
25.962
33.898
35.848
38.016
41.917
45.869
47.769
49.753
51.887
57.79
67.693
69.627
71.611
73.579
77.697
79.531
81.648
85.6
87.55
89.451
91.418
95.52
107.441
121.196
125.164
127.165
131.216
133.017
135.067
137.051
138.969
145.121
147.055
151.007
152.857
154.875
162.861
166.746
168.83
170.88
172.731
176.832
182.685
184.702
190.637
194.606
198.524
202.625
208.411
214.496
218.481
224.3
228.268
238.255
244.24
246.091
250.109
258.045
259.979
261.996
264.064
265.981
269.949
273.901
275.885
279.82
285.905
289.823
295.692
297.759
299.793
301.677
303.778
305.762
307.796
309.714
325.653
327.537
331.471
333.489
337.49
341.475
349.328
355.263
359.282
361.282
363.183
365.334
371.086
375.254
377.138
385.057
392.994
395.094
400.997
402.981
410.767
412.784
414.801
424.705
426.822
438.643
440.644
442.611
446.596
448.597
458.501
462.552
466.403
468.504
474.44
480.242
482.259
484.193
486.227
492.096
494.263
496.064
500.032
504.067
