4.244
6.228
10.179
12.163
18.066
20.016
22.1
24.084
26.102
33.921
36.005
37.906
41.807
45.776
47.826
49.794
51.744
57.663
67.617
69.717
71.518
73.602
77.487
79.554
81.438
85.59
87.424
89.375
91.392
95.41
107.431
121.136
125.071
127.155
131.223
133.157
135.024
137.142
139.042
144.928
146.979
150.847
152.914
154.998
162.918
166.736
168.853
170.871
172.655
176.723
182.658
184.709
190.661
194.579
198.464
202.515
208.468
214.47
218.371
224.257
228.225
238.178
244.114
246.164
250.116
257.985
260.003
262.087
264.054
266.005
269.906
273.991
275.992
279.927
285.795
289.864
295.732
297.8
299.634
301.801
303.752
305.786
307.653
309.604
325.51
327.61
331.495
333.379
337.331
341.449
349.235
355.304
359.222
361.306
363.107
365.091
371.126
375.061
377.012
385.015
392.884
394.868
400.904
402.804
410.874
412.875
414.709
424.762
426.73
438.651
440.568
442.469
446.453
448.437
458.508
462.476
466.411
468.345
474.213
480.182
482.183
484.25
486.234
492.17
494.187
496.038
500.156
504.141
