4.199
6.099
10.234
12.202
18.087
20.055
21.955
24.089
25.957
33.943
35.994
37.995
41.813
45.831
47.782
49.816
51.85
57.819
67.573
69.607
71.641
73.525
77.593
79.677
81.478
85.513
87.414
89.464
91.565
95.383
107.438
121.21
125.211
127.162
131.08
133.081
135.199
136.999
139.15
145.119
147.053
150.921
152.989
154.956
162.876
166.777
168.828
170.812
172.83
176.831
182.633
184.767
190.653
194.738
198.589
202.541
208.493
214.512
218.397
224.282
228.301
238.338
244.257
246.291
250.059
258.112
260.029
261.947
264.048
266.015
269.983
273.985
275.835
279.97
285.789
289.824
295.793
297.677
299.795
301.712
303.796
305.797
307.781
309.615
325.554
327.622
331.59
333.524
337.426
341.427
349.397
355.399
359.201
361.185
363.285
365.136
371.239
375.123
377.207
385.094
392.913
394.981
401
402.951
410.77
412.904
414.822
424.709
426.826
438.664
440.548
442.582
446.534
448.585
458.438
462.407
466.508
468.326
474.344
480.33
482.314
484.332
486.249
492.301
494.235
496.253
500.104
504.189
