4.2
6.234
10.086
12.07
18.072
20.006
22.107
23.941
26.025
33.861
35.928
37.829
41.831
45.932
47.833
49.75
51.701
57.753
67.707
69.757
71.708
73.659
77.577
79.528
81.645
85.546
87.43
89.548
91.532
95.5
107.421
121.209
125.111
127.278
131.08
133.18
135.215
137.082
139.133
145.085
147.119
150.97
152.971
155.072
162.991
166.826
168.927
170.928
172.845
176.863
182.682
184.799
190.718
194.67
198.654
202.589
208.608
214.527
218.478
224.347
228.398
238.352
244.171
246.272
250.106
258.109
260.21
262.094
264.078
266.012
270.014
274.032
275.966
279.917
285.969
289.971
295.79
297.824
299.891
301.892
303.809
305.843
307.694
309.695
325.617
327.651
331.453
333.487
337.455
341.54
349.359
355.411
359.296
361.23
363.381
365.215
371.317
375.269
377.219
385.156
393.075
394.976
401.011
403.079
410.965
412.949
414.8
424.787
426.821
438.642
440.776
442.743
446.711
448.529
458.616
462.567
466.518
468.419
474.305
480.44
482.424
484.292
486.309
492.211
494.212
496.279
500.197
504.232
