4.239
6.107
10.125
12.226
18.061
20.095
21.963
23.98
26.097
34.05
35.851
37.918
41.887
45.905
47.922
49.89
51.89
57.826
67.679
69.63
71.598
73.548
77.516
79.534
81.451
85.419
87.603
89.437
91.572
95.523
107.294
121.316
125.134
127.285
131.236
133.12
135.154
137.105
139.022
145.041
147.092
151.027
153.011
154.961
162.864
166.849
168.883
170.734
172.851
176.719
182.655
184.756
190.691
194.626
198.594
202.596
208.481
214.5
218.285
224.237
228.238
238.259
244.094
246.095
250.046
258.033
260.067
262.051
264.118
265.969
269.92
273.989
275.889
279.807
285.743
289.778
295.797
297.747
299.748
301.682
303.633
305.7
307.568
309.702
325.474
327.592
331.376
333.494
337.378
341.297
349.25
355.335
359.12
361.237
363.105
365.172
371.191
375.142
376.976
385.079
393.016
394.95
400.818
402.769
410.739
412.689
414.724
424.694
426.628
438.649
440.516
442.484
446.419
448.453
458.34
462.424
466.443
468.41
474.279
480.298
482.315
484.266
486.25
492.085
494.136
496.103
500.055
504.056
