4.167
6.118
10.036
12.087
18.172
20.073
21.94
24.091
26.025
33.945
35.912
37.896
41.881
45.799
47.733
49.867
51.851
57.72
67.724
69.624
71.558
73.659
77.561
79.495
81.579
85.613
87.414
89.532
91.432
95.367
107.388
121.243
125.128
127.262
131.08
133.231
135.115
137.032
139.05
144.952
147.069
150.987
153.055
154.906
162.808
166.793
168.844
170.828
172.729
176.847
182.766
184.6
190.552
194.62
198.522
202.573
208.459
214.461
218.395
224.448
228.216
238.319
244.238
246.189
250.124
258.043
260.011
262.028
264.062
266.096
269.881
273.983
275.817
279.868
285.82
289.838
295.741
297.741
299.792
301.693
303.61
305.778
307.662
309.596
325.601
327.535
331.554
333.554
337.439
341.424
349.31
355.329
359.28
361.181
363.249
365.133
371.168
375.053
377.054
385.107
393.06
394.994
400.946
402.946
410.933
412.8
414.801
424.788
426.655
438.526
440.594
442.644
446.529
448.597
458.367
462.485
466.336
468.304
474.373
480.225
482.242
484.226
486.177
492.112
494.13
496.181
500.115
504
