4.285
6.119
10.221
12.155
18.023
19.974
22.142
23.942
25.993
33.929
36.03
37.931
41.782
45.75
47.801
49.785
51.802
57.854
67.591
69.759
71.576
73.71
77.678
79.596
81.58
85.564
87.615
89.532
91.55
95.385
107.372
121.194
125.112
127.296
131.264
133.248
135.232
137.216
139.2
144.986
147.003
150.938
153.072
154.973
162.942
166.794
168.761
170.795
172.896
176.864
182.683
184.8
190.685
194.587
198.638
202.556
208.592
214.427
218.445
224.398
228.332
238.319
244.155
246.272
250.274
258.043
260.01
262.011
263.995
265.946
270.014
273.982
276.016
279.918
285.936
289.955
295.873
297.857
299.841
301.675
303.826
305.627
307.661
309.628
325.601
327.585
331.453
333.537
337.572
341.54
349.393
355.395
359.329
361.264
363.298
365.298
371.134
375.269
377.169
385.072
393.058
395.076
401.044
402.945
410.848
412.932
414.933
424.87
426.77
438.591
440.692
442.726
446.544
448.478
458.432
462.417
466.368
468.419
474.421
480.323
482.257
484.391
486.192
492.144
494.161
496.279
500.113
504.132
