4.116
6.222
10.087
12.139
18.03
20.016
21.895
23.987
25.826
33.676
35.689
37.621
41.553
45.551
47.537
49.523
51.549
57.413
67.235
69.381
71.26
73.219
77.271
79.19
81.109
85.121
87.053
88.932
90.918
94.996
106.751
120.599
124.583
126.489
130.408
132.46
134.353
136.498
138.484
144.322
146.294
150.266
152.225
154.237
162.154
166.112
167.925
169.884
172.03
175.801
181.825
183.904
189.702
193.753
197.592
201.657
207.494
213.345
217.25
223.167
227.299
237.161
243.052
244.985
248.929
256.886
258.712
260.764
262.697
264.696
268.734
272.573
274.532
278.65
284.514
288.432
294.416
296.322
298.175
300.214
302.133
304.225
306.198
308.224
323.87
325.896
329.854
331.787
335.758
339.677
347.553
353.524
357.522
359.481
361.387
363.36
369.291
373.209
375.168
383.125
391.121
393.054
398.891
400.983
408.74
410.699
412.712
422.694
424.68
436.488
438.434
440.393
444.285
446.257
456.106
460.051
463.956
466.022
472.046
477.843
479.869
481.722
483.734
489.745
491.584
493.69
497.608
501.473
