4.199
6.117
10.201
12.019
18.171
20.122
21.956
23.973
26.041
33.943
35.861
37.895
41.913
45.864
47.782
49.899
51.85
57.802
67.572
69.707
71.741
73.725
77.693
79.593
81.561
85.479
87.43
89.597
91.414
95.416
107.237
121.275
125.26
127.128
131.129
133.096
135.03
137.048
139.065
145.017
146.968
150.886
152.92
154.871
162.841
166.909
168.81
170.86
172.811
176.762
182.648
184.715
190.684
194.619
198.57
202.622
208.491
214.376
218.378
224.347
228.365
238.135
244.154
246.205
250.239
258.009
259.976
262.044
264.078
265.912
269.93
273.915
275.849
279.934
285.752
289.804
295.723
297.657
299.658
301.775
303.692
305.643
307.777
309.728
325.434
327.534
331.453
333.437
337.421
341.356
349.259
355.378
359.329
361.163
363.164
365.198
371.234
375.069
377.153
385.106
392.992
394.976
400.911
403.012
410.765
412.799
414.866
424.753
426.604
438.575
440.576
442.577
446.428
448.462
458.532
462.501
466.369
468.253
474.205
480.257
482.341
484.192
486.309
492.061
494.246
496.113
500.198
504.099
