4.265
6.115
10.217
12.134
18.103
20.087
22.054
24.089
25.973
33.926
36.01
37.944
41.862
45.863
47.897
49.815
51.849
57.851
67.572
69.656
71.606
73.59
77.509
79.626
81.643
85.578
87.412
89.413
91.464
95.449
107.436
121.158
125.21
127.11
131.129
133.096
135.147
137.014
139.048
144.95
147.001
150.953
152.97
154.954
162.957
166.942
168.809
170.76
172.828
176.679
182.765
184.815
190.584
194.536
198.57
202.589
208.441
214.393
218.378
224.347
228.265
238.235
244.254
246.138
250.256
258.059
260.06
262.094
263.978
266.129
270.047
273.965
275.966
279.851
285.886
289.938
295.79
297.824
299.858
301.792
303.843
305.744
307.645
309.712
325.585
327.619
331.504
333.571
337.589
341.357
349.46
355.412
359.281
361.298
363.232
365.266
371.168
375.137
377.221
385.09
393.027
394.927
401.013
402.947
410.85
412.867
414.818
424.855
426.739
438.76
440.594
442.545
446.697
448.647
458.551
462.553
466.471
468.521
474.324
480.276
482.293
484.227
486.378
492.347
494.231
496.232
500.083
504.251
