4.27
6.238
9.992
12.111
18.017
19.869
21.904
23.839
25.891
33.816
35.668
37.72
41.657
45.661
47.663
49.649
51.484
57.557
67.433
69.352
71.354
73.206
77.277
79.262
81.297
85.101
87.12
89.089
90.974
94.928
106.806
120.771
124.808
126.71
130.747
132.549
134.568
136.653
138.488
144.511
146.396
150.417
152.319
154.438
162.346
166.116
168.202
170.17
172.089
176.16
182.066
183.934
189.99
193.778
197.765
201.852
207.742
213.648
217.535
223.524
227.578
237.321
243.428
245.229
249.183
257.158
259.277
261.129
263.014
265.099
269.037
272.924
275.026
278.93
284.853
288.89
294.846
296.815
298.767
300.752
302.671
304.673
306.625
308.61
324.359
326.311
330.349
332.367
336.288
340.092
348.2
353.956
357.993
360.045
361.981
363.899
369.805
373.826
375.711
383.602
391.544
393.612
399.635
401.554
409.395
411.397
413.366
423.242
425.178
437.123
439.008
441.144
444.964
446.9
456.843
460.88
464.834
466.836
472.809
478.765
480.717
482.602
484.521
490.41
492.395
494.548
498.502
502.255
