4.201
6.268
10.036
12.02
18.173
20.04
21.941
24.025
25.942
34.045
35.996
37.846
41.965
45.799
47.867
49.767
51.801
57.804
67.607
69.708
71.692
73.526
77.578
79.545
81.662
85.614
87.414
89.465
91.566
95.451
107.438
121.327
125.228
127.162
131.13
133.114
135.048
137.099
139
144.985
146.986
150.971
152.922
155.039
162.959
166.777
168.761
170.828
172.846
176.814
182.799
184.733
190.719
194.737
198.705
202.473
208.609
214.377
218.345
224.431
228.299
238.186
244.122
246.289
250.207
258.16
260.144
262.178
263.962
266.096
269.964
273.882
276.05
280.035
285.92
289.872
295.807
297.691
299.708
301.726
303.843
305.794
307.728
309.745
325.518
327.619
331.453
333.554
337.406
341.507
349.41
355.229
359.247
361.181
363.248
365.316
371.268
375.153
377.087
385.106
392.892
394.976
401.012
402.913
410.832
412.816
414.817
424.754
426.688
438.726
440.676
442.494
446.645
448.546
458.5
462.401
466.352
468.37
474.372
480.274
482.258
484.176
486.193
492.162
494.229
496.247
500.115
504.166
