4.184
6.252
10.103
12.07
18.073
20.007
22.041
24.108
25.942
33.928
35.946
37.98
41.848
45.849
47.733
49.834
51.785
57.804
67.607
69.725
71.576
73.526
77.694
79.562
81.596
85.581
87.498
89.549
91.433
95.468
107.355
121.244
125.112
127.163
131.114
133.165
135.132
137.216
139.15
145.002
146.97
150.905
153.022
155.04
162.992
166.977
168.828
170.879
172.879
176.814
182.716
184.7
190.736
194.554
198.689
202.674
208.559
214.461
218.479
224.415
228.35
238.337
244.206
246.156
250.108
258.161
260.078
262.079
264.196
266.047
269.948
273.967
276.034
279.919
285.804
289.822
295.908
297.825
299.826
301.81
303.727
305.828
307.662
309.613
325.569
327.636
331.554
333.522
337.523
341.425
349.311
355.413
359.331
361.315
363.233
365.2
371.152
375.22
377.238
385.024
393.044
394.944
400.98
402.931
410.817
412.851
414.835
424.839
426.806
438.727
440.744
442.729
446.697
448.547
458.518
462.553
466.537
468.438
474.474
480.359
482.326
484.394
486.211
492.247
494.281
496.215
500.183
504.134
