4.222
6.09
10.158
12.159
18.177
20.145
22.129
24.013
26.08
34
36.001
37.851
41.803
45.888
47.872
49.806
51.84
57.859
67.596
69.646
71.697
73.531
77.699
79.617
81.467
85.469
87.419
89.404
91.588
95.356
107.393
121.349
125.283
127.284
131.186
133.17
135.037
137.021
139.172
145.074
147.075
151.06
152.994
154.911
162.797
166.932
168.833
170.934
172.784
176.819
182.671
184.705
190.607
194.742
198.66
202.612
208.597
214.5
218.434
224.32
228.321
238.242
244.227
246.278
250.213
258.099
260.083
262.15
264.001
266.035
269.953
273.938
276.089
279.957
285.926
289.861
295.846
297.864
299.731
301.815
303.832
305.7
307.767
309.768
325.657
327.574
331.493
333.46
337.595
341.546
349.332
355.335
359.236
361.237
363.321
365.205
371.257
375.242
377.176
385.046
393.049
395.099
400.901
403.002
410.872
412.989
414.857
424.777
426.778
438.665
440.666
442.65
446.702
448.519
458.506
462.424
466.559
468.543
474.362
480.331
482.331
484.265
486.349
492.218
494.152
496.253
500.155
504.123
