4.23
6.214
10.132
12.033
18.035
20.086
21.953
23.937
25.921
33.941
35.975
38.009
41.81
45.862
47.863
49.897
51.797
57.716
67.77
69.587
71.605
73.522
77.623
79.674
81.475
85.443
87.51
89.444
91.378
95.363
107.401
121.323
125.124
127.191
131.126
133.06
135.028
137.012
139.012
145.048
147.132
150.967
153.067
154.868
162.988
166.973
168.957
170.807
172.825
176.726
182.645
184.646
190.748
194.666
198.684
202.485
208.488
214.456
218.391
224.36
228.445
238.348
244.167
246.135
250.119
258.172
260.09
262.107
264.108
266.159
270.143
274.045
276.062
279.964
285.932
289.784
295.903
297.92
299.754
301.855
303.822
305.79
307.807
309.741
325.597
327.548
331.449
333.466
337.501
341.436
349.305
355.358
359.426
361.226
363.377
365.311
371.247
375.182
377.282
385.018
393.088
394.972
400.908
403.042
410.995
412.862
414.979
424.833
426.734
438.721
440.605
442.656
446.574
448.658
458.562
462.563
466.398
468.382
474.384
480.42
482.237
484.421
486.305
492.324
494.325
496.142
500.177
504.245
