4.246
6.197
10.198
12.132
18.068
20.035
22.069
24.036
26.104
33.973
35.857
37.941
41.793
45.877
47.928
49.796
51.83
57.648
67.719
69.586
71.687
73.521
77.589
79.473
81.49
85.442
87.492
89.476
91.544
95.479
107.249
121.154
125.273
127.173
131.091
133.159
135.076
137.093
139.094
144.996
147.114
151.098
153.049
154.983
162.803
166.937
168.755
170.856
172.89
176.741
182.726
184.794
190.679
194.647
198.682
202.534
208.469
214.471
218.406
224.308
228.343
238.313
244.315
246.266
250.234
258.22
260.004
262.038
264.006
266.073
270.091
273.976
276.043
279.844
285.963
289.798
295.734
297.784
299.752
301.819
303.686
305.687
307.804
309.739
325.628
327.528
331.513
333.497
337.515
341.367
349.386
355.355
359.29
361.224
363.374
365.158
371.211
375.179
377.096
385.132
393.118
395.102
401.038
402.989
410.841
412.975
414.876
424.78
426.78
438.601
440.735
442.619
446.604
448.488
458.425
462.543
466.428
468.479
474.414
480.25
482.334
484.368
486.285
492.287
494.305
496.172
500.257
504.158
