4.11
6.161
10.246
12.096
18.082
19.982
22.067
24.084
26.068
33.971
35.838
37.956
41.974
45.875
47.826
49.76
51.744
57.813
67.6
69.684
71.634
73.602
77.637
79.487
81.471
85.573
87.457
89.474
91.508
95.476
107.414
121.185
125.104
127.154
131.089
133.19
135.224
137.008
139.009
145.111
147.045
151.08
153.014
154.931
162.884
166.869
168.936
170.837
172.787
176.856
182.824
184.692
190.627
194.579
198.697
202.581
208.5
214.502
218.337
224.439
228.407
238.344
244.263
246.314
250.099
258.118
260.019
262.003
264.17
266.121
270.089
274.04
275.974
279.843
285.795
289.896
295.732
297.799
299.75
301.817
303.801
305.618
307.753
309.653
325.459
327.426
331.494
333.562
337.38
341.348
349.368
355.336
359.171
361.288
363.339
365.29
371.059
375.193
377.011
385.147
392.933
394.867
400.836
402.82
410.79
412.79
414.691
424.711
426.662
438.6
440.55
442.518
446.469
448.536
458.373
462.491
466.393
468.31
474.412
480.198
482.182
484.249
486.15
492.069
494.17
496.22
500.105
504.09
