4.187
6.187
10.089
12.073
18.042
19.976
21.977
24.027
25.928
33.881
36.032
38.016
41.967
45.869
47.919
49.787
51.787
57.673
67.727
69.644
71.645
73.579
77.68
79.581
81.515
85.433
87.534
89.468
91.435
95.37
107.408
121.163
125.297
127.215
131.216
133.05
135.168
137.002
139.002
145.005
147.022
150.957
153.058
155.042
162.778
166.879
168.847
170.914
172.798
176.85
182.768
184.586
190.621
194.673
198.491
202.626
208.461
214.48
218.365
224.3
228.385
238.155
244.224
246.275
250.21
258.146
259.996
262.064
263.965
266.049
269.967
273.968
276.036
279.937
285.873
289.724
295.726
297.677
299.678
301.678
303.612
305.646
307.78
309.648
325.487
327.521
331.389
333.473
337.525
341.409
349.312
355.381
359.266
361.3
363.284
365.318
371.104
375.105
377.039
384.975
393.078
394.912
401.014
402.915
410.801
412.819
414.719
424.723
426.79
438.545
440.545
442.596
446.548
448.565
458.435
462.503
466.455
468.456
474.408
480.293
482.277
484.161
486.345
492.164
494.132
496.099
500.217
504.069
