4.241
6.175
10.177
12.144
18.147
20.064
22.115
24.065
25.983
33.986
35.903
37.92
41.805
45.907
47.857
49.908
51.709
57.678
67.631
69.632
71.566
73.534
77.568
79.519
81.587
85.505
87.439
89.439
91.524
95.342
107.296
121.151
125.169
127.153
131.155
133.189
135.073
137.157
139.091
145.127
146.927
151.062
152.946
154.947
162.95
166.818
168.752
170.936
172.87
176.722
182.724
184.758
190.743
194.645
198.596
202.665
208.567
214.569
218.504
224.306
228.274
238.344
244.347
246.181
250.282
258.052
260.202
262.187
264.004
266.055
269.973
274.024
276.092
279.893
285.995
289.98
295.782
297.916
299.85
301.768
303.702
305.753
307.803
309.637
325.577
327.561
331.612
333.563
337.514
341.499
349.485
355.321
359.372
361.323
363.257
365.225
371.293
375.162
377.179
385.149
393.052
395.102
400.921
403.039
410.958
412.976
414.96
424.813
426.731
438.685
440.619
442.72
446.655
448.639
458.592
462.46
466.379
468.363
474.465
480.284
482.368
484.218
486.186
492.305
494.189
496.173
500.174
504.126
