4.235
6.236
10.154
12.154
18.09
20.141
21.975
24.126
26.043
33.963
35.997
37.947
41.982
45.934
47.868
49.735
51.719
57.855
67.575
69.559
71.543
73.527
77.646
79.613
81.564
85.448
87.483
89.567
91.517
95.419
107.44
121.279
125.13
127.214
131.249
133.2
135.2
137.084
139.152
145.137
147.072
150.906
153.074
155.058
162.994
166.829
168.93
170.78
172.915
176.716
182.735
184.769
190.638
194.706
198.541
202.659
208.511
214.513
218.432
224.434
228.385
238.206
244.191
246.309
250.193
258.046
260.13
262.048
264.149
266.099
270.134
274.069
275.936
279.988
285.94
289.892
295.927
297.745
299.779
301.746
303.763
305.681
307.648
309.666
325.505
327.589
331.44
333.491
337.559
341.478
349.447
355.349
359.368
361.218
363.286
365.17
371.272
375.173
377.174
385.177
393.03
395.064
400.966
402.917
410.904
412.838
414.955
424.825
426.743
438.597
440.648
442.749
446.65
448.701
458.538
462.589
466.474
468.475
474.311
480.246
482.264
484.248
486.265
492.317
494.285
496.319
500.137
504.105
