4.281
6.248
10.199
12.167
18.102
20.053
22.037
24.071
25.989
33.858
35.825
37.976
41.761
45.812
47.763
49.814
51.848
57.683
67.587
69.588
71.672
73.639
77.591
79.592
81.442
85.61
87.544
89.445
91.446
95.397
107.302
121.257
125.158
127.159
131.11
133.094
135.145
137.079
139.113
144.982
147.066
151.051
152.868
154.819
162.789
166.79
168.891
170.875
172.692
176.71
182.679
184.747
190.599
194.484
198.468
202.47
208.522
214.374
218.376
224.311
228.379
238.266
244.085
246.186
250.071
257.99
260.074
261.992
264.109
265.993
269.995
273.879
275.93
279.798
285.767
289.802
295.754
297.738
299.839
301.823
303.674
305.691
307.642
309.643
325.515
327.482
331.467
333.385
337.336
341.338
349.374
355.293
359.327
361.212
363.262
365.18
371.199
375.083
377.084
384.987
392.973
395.024
400.943
402.96
410.863
412.88
414.881
424.668
426.635
438.657
440.607
442.691
446.559
448.51
458.43
462.382
466.333
468.467
474.336
480.305
482.223
484.357
486.341
492.26
494.11
496.111
500.079
504.081
