4.242
6.076
10.161
12.212
18.047
20.131
22.149
23.966
25.967
33.903
36.02
37.971
41.939
45.924
47.925
49.792
51.876
57.695
67.749
69.633
71.667
73.601
77.619
79.637
81.537
85.572
87.573
89.49
91.408
95.376
107.347
121.319
125.22
127.187
131.239
133.223
135.04
137.141
138.992
145.011
147.111
151.013
152.913
154.998
162.917
166.769
168.903
170.92
172.887
176.689
182.658
184.825
190.661
194.595
198.597
202.482
208.484
214.419
218.504
224.373
228.408
238.262
244.314
246.164
250.149
258.136
260.136
262.037
264.071
265.955
270.123
274.058
276.009
279.91
285.996
289.897
295.916
297.8
299.717
301.685
303.702
305.736
307.804
309.704
325.527
327.578
331.513
333.497
337.498
341.55
349.402
355.388
359.406
361.257
363.358
365.342
371.244
375.212
377.146
385.082
392.985
395.003
400.938
402.922
410.842
412.826
414.943
424.864
426.798
438.585
440.653
442.62
446.638
448.506
458.426
462.444
466.379
468.43
474.282
480.367
482.318
484.319
486.369
492.188
494.256
496.173
500.225
504.109
