4.269
6.219
10.054
12.071
18.124
20.008
22.075
23.942
25.91
33.929
35.947
37.814
41.782
45.9
47.818
49.802
51.869
57.688
67.691
69.625
71.543
73.627
77.545
79.679
81.58
85.531
87.415
89.499
91.5
95.485
107.339
121.294
125.129
127.146
131.181
133.048
135.099
137.05
139.067
145.019
146.936
151.005
152.872
154.989
162.842
166.86
168.878
170.845
172.779
176.797
182.783
184.617
190.585
194.704
198.588
202.506
208.408
214.561
218.445
224.481
228.399
238.269
244.205
246.305
250.19
258.043
260.01
262.128
264.012
266.062
270.114
273.882
276.066
279.984
285.886
289.804
295.89
297.857
299.691
301.725
303.693
305.693
307.744
309.595
325.534
327.618
331.519
333.503
337.488
341.54
349.409
355.294
359.229
361.363
363.264
365.215
371.3
375.168
377.052
385.055
392.908
395.092
400.911
402.895
410.798
412.948
414.799
424.753
426.737
438.558
440.525
442.526
446.677
448.495
458.531
462.533
466.418
468.335
474.304
480.389
482.34
484.307
486.175
492.26
494.144
496.128
500.096
504.131
