4.16
6.194
10.162
12.112
18.165
20.065
22.133
24.017
25.968
33.987
36.021
38.005
41.94
45.808
47.809
49.776
51.777
57.712
67.783
69.7
71.567
73.701
77.536
79.603
81.504
85.622
87.473
89.507
91.574
95.459
107.463
121.318
125.12
127.271
131.255
133.106
135.19
137.141
139.142
144.977
147.128
151.046
152.88
154.864
162.833
166.918
168.786
170.786
172.754
176.705
182.674
184.775
190.727
194.678
198.68
202.648
208.567
214.452
218.47
224.306
228.44
238.261
244.296
246.23
250.165
258.084
260.102
261.969
264.12
266.121
269.922
273.89
276.041
279.959
285.761
289.763
295.798
297.782
299.833
301.633
303.617
305.702
307.686
309.753
325.459
327.543
331.411
333.395
337.43
341.348
349.434
355.253
359.171
361.238
363.172
365.256
371.242
375.093
377.044
385.03
393
395.034
400.903
402.92
410.756
412.79
414.791
424.728
426.662
438.649
440.617
442.634
446.536
448.47
458.507
462.458
466.443
468.294
474.346
480.298
482.265
484.183
486.15
492.202
494.203
496.07
500.172
504.006
