4.132
6.034
9.988
12.107
18.046
19.948
21.95
23.952
25.888
33.829
35.814
37.666
41.737
45.708
47.71
49.678
51.63
57.436
67.497
69.465
71.434
73.252
77.357
79.142
81.11
85.131
87.117
89.185
91.021
94.991
106.953
120.801
124.688
126.757
130.744
132.546
134.615
136.584
138.636
144.408
146.394
150.298
152.35
154.352
162.226
166.114
168.283
170.151
172.12
176.174
181.913
184.015
189.988
193.809
197.763
201.733
207.74
213.762
217.716
223.572
227.443
237.436
243.326
245.411
249.365
257.14
259.225
261.061
263.113
265.048
269.002
273.023
275.008
278.812
284.785
288.856
294.778
296.613
298.649
300.701
302.536
304.488
306.49
308.576
324.475
326.444
330.314
332.35
336.187
340.208
348.183
354.089
357.993
360.011
361.897
363.915
369.805
373.875
375.744
383.669
391.577
393.629
399.635
401.587
409.345
411.447
413.316
423.376
425.194
437.057
439.059
441.011
445.048
446.95
456.943
460.881
464.818
466.804
472.643
478.582
480.634
482.67
484.588
490.611
492.58
494.365
498.386
502.44
