4.111
6.128
10.08
12.181
18.133
20.134
21.934
24.085
25.986
33.955
35.873
37.923
41.775
45.876
47.76
49.878
51.795
57.847
67.718
69.668
71.703
73.587
77.538
79.622
81.606
85.424
87.492
89.392
91.577
95.478
107.416
121.154
125.189
127.206
131.174
133.025
135.009
137.01
139.094
145.03
146.98
150.982
153.016
154.967
162.936
166.921
168.722
170.756
172.723
176.808
182.76
184.711
190.546
194.548
198.583
202.617
208.586
214.488
218.323
224.359
228.31
238.214
244.199
246.1
250.152
258.088
260.005
262.089
264.107
265.957
270.042
273.894
275.828
279.879
285.831
289.766
295.768
297.652
299.653
301.737
303.588
305.722
307.589
309.723
325.413
327.447
331.548
333.482
337.5
341.435
349.305
355.29
359.158
361.142
363.16
365.227
371.229
375.164
377.048
385.068
392.904
395.055
400.957
402.924
410.811
412.911
414.762
424.716
426.783
438.671
440.655
442.539
446.44
448.624
458.345
462.396
466.331
468.315
474.251
480.369
482.337
484.254
486.155
492.174
494.125
496.159
500.16
503.978
