4.118
6.218
10.237
12.137
18.173
20.057
21.941
23.942
25.976
34.045
35.879
37.83
41.881
45.783
47.934
49.768
51.835
57.854
67.574
69.658
71.609
73.726
77.561
79.645
81.596
85.431
87.515
89.432
91.383
95.351
107.355
121.26
125.262
127.279
131.097
133.131
135.032
137.033
139.017
145.086
147.12
150.921
152.905
154.922
162.809
166.927
168.861
170.912
172.812
176.88
182.833
184.783
190.669
194.687
198.688
202.59
208.492
214.477
218.462
224.464
228.416
238.236
244.272
246.156
250.14
258.16
260.011
261.978
263.962
266.063
269.964
273.882
275.85
279.985
285.903
289.755
295.707
297.808
299.825
301.793
303.61
305.694
307.628
309.595
325.434
327.419
331.52
333.371
337.506
341.374
349.443
355.312
359.197
361.331
363.265
365.182
371.101
375.186
377.153
385.023
392.942
394.86
400.979
402.996
410.916
412.766
414.817
424.704
426.638
438.676
440.593
442.677
446.578
448.446
458.383
462.318
466.319
468.286
474.222
480.291
482.175
484.175
486.176
492.278
494.179
496.247
500.181
504.049
