4.083
6.167
10.202
12.169
18.105
19.955
22.123
24.09
26.041
34.044
36.028
37.879
41.88
45.748
47.916
49.8
51.85
57.719
67.706
69.59
71.708
73.558
77.51
79.544
81.528
85.529
87.597
89.447
91.581
95.349
107.371
121.242
125.294
127.278
131.146
133.08
135.197
137.115
139.182
145.001
147.085
151.053
153.087
155.005
162.857
166.809
168.76
170.777
172.778
176.796
182.681
184.765
190.784
194.602
198.654
202.655
208.574
214.576
218.511
224.513
228.381
238.318
244.254
246.154
250.139
258.142
260.176
262.094
264.194
266.145
270.03
273.931
275.999
279.9
285.952
289.87
295.806
297.873
299.807
301.691
303.725
305.643
307.827
309.611
325.65
327.517
331.452
333.586
337.421
341.422
349.292
355.344
359.296
361.396
363.214
365.314
371.183
375.101
377.219
385.122
393.041
395.109
401.061
402.978
410.898
412.832
414.866
424.819
426.787
438.708
440.725
442.559
446.544
448.495
458.565
462.483
466.401
468.402
474.304
480.34
482.407
484.274
486.375
492.311
494.178
496.195
500.147
504.198
