4.1
6.118
10.086
12.17
18.022
20.123
21.94
23.991
25.908
33.944
35.978
37.946
41.881
45.932
47.783
49.717
51.801
57.736
67.573
69.641
71.641
73.625
77.61
79.611
81.545
85.53
87.53
89.481
91.465
95.383
107.438
121.193
125.177
127.195
131.213
133.23
135.214
137.098
139.099
145.101
147.035
151.037
152.971
154.988
162.858
166.759
168.943
170.811
172.795
176.696
182.698
184.749
190.751
194.669
198.554
202.489
208.424
214.46
218.444
224.297
228.448
238.202
244.17
246.188
250.189
258.109
260.16
262.01
264.044
265.995
270.063
274.015
275.865
279.883
285.852
289.854
295.906
297.873
299.691
301.725
303.709
305.793
307.71
309.744
325.65
327.584
331.552
333.603
337.454
341.456
349.342
355.244
359.245
361.33
363.214
365.314
371.25
375.068
377.119
385.088
392.974
394.908
400.877
402.928
410.848
412.748
414.899
424.703
426.637
438.741
440.675
442.576
446.61
448.561
458.548
462.35
466.334
468.352
474.437
480.406
482.34
484.241
486.325
492.16
494.244
496.278
500.163
504.148
