4.287
6.154
10.223
12.19
17.975
20.16
22.01
24.094
26.095
33.932
35.866
37.833
41.935
45.836
47.787
49.854
51.738
57.774
67.561
69.745
71.546
73.63
77.482
79.566
81.533
85.435
87.452
89.469
91.437
95.422
107.36
121.315
125.166
127.084
131.235
133.036
135.187
137.121
138.972
145.041
146.958
150.976
152.894
154.978
162.931
166.799
168.866
170.734
172.768
176.786
182.805
184.689
190.708
194.71
198.644
202.463
208.582
214.5
218.319
224.421
228.406
238.36
244.178
246.229
250.081
258.167
260.168
262.102
263.953
265.987
269.888
274.056
276.041
279.942
285.894
289.863
295.815
297.832
299.733
301.7
303.651
305.769
307.703
309.587
325.443
327.527
331.495
333.429
337.397
341.449
349.302
355.221
359.356
361.306
363.174
365.291
371.177
375.178
377.229
384.999
393.069
395.019
400.972
402.839
410.825
412.743
414.86
424.847
426.798
438.669
440.653
442.604
446.639
448.573
458.51
462.362
466.497
468.381
474.416
480.352
482.303
484.27
486.271
492.123
494.09
496.225
500.109
504.194
