4.289
6.24
10.058
12.208
18.027
19.961
21.962
24.013
26.08
33.883
35.984
37.968
41.836
45.82
47.888
49.889
51.723
57.791
67.745
69.696
71.696
73.547
77.565
79.566
81.5
85.451
87.502
89.586
91.453
95.355
107.259
121.147
125.215
127.116
131.184
133.185
135.169
137.036
139.087
144.989
147.04
150.891
152.875
155.026
162.912
166.847
168.781
170.798
172.866
176.717
182.653
184.57
190.539
194.674
198.458
202.493
208.445
214.381
218.315
224.334
228.352
238.139
244.258
246.175
250.193
258.13
260.114
262.031
263.965
265.899
269.95
273.952
275.903
279.871
285.806
289.774
295.626
297.727
299.628
301.712
303.562
305.697
307.581
309.581
325.37
327.388
331.372
333.423
337.308
341.226
349.245
355.248
359.282
361.233
363.234
365.101
371.053
375.055
377.005
384.941
392.978
394.978
400.88
402.781
410.767
412.768
414.719
424.539
426.523
438.544
440.478
442.462
446.43
448.331
458.268
462.352
466.354
468.204
474.223
480.175
482.059
484.16
486.178
492.013
493.964
496.014
500.016
503.901
