4.236
6.087
10.088
12.173
18.108
20.075
21.959
24.094
26.011
33.864
35.948
37.982
41.85
45.785
47.802
49.853
51.704
57.656
67.743
69.627
71.694
73.728
77.53
79.597
81.631
85.516
87.583
89.534
91.552
95.42
107.457
121.229
125.247
127.115
131.083
133.2
135.134
137.085
139.036
144.988
147.105
151.023
153.007
154.992
162.928
166.929
168.813
170.897
172.765
176.733
182.768
184.769
190.688
194.723
198.658
202.609
208.511
214.497
218.348
224.45
228.268
238.255
244.141
246.242
250.176
258.196
260.047
262.031
264.032
266.132
270
274.069
276.019
279.904
285.823
289.908
295.91
297.911
299.845
301.762
303.846
305.73
307.831
309.682
325.621
327.672
331.573
333.624
337.525
341.56
349.346
355.348
359.216
361.301
363.218
365.235
371.187
375.272
377.173
385.209
393.146
394.98
400.915
402.966
410.902
412.936
414.937
424.774
426.875
438.612
440.763
442.697
446.665
448.549
458.453
462.538
466.406
468.456
474.292
480.261
482.245
484.396
486.346
492.198
494.283
496.2
500.085
504.086
