4.155
6.273
10.091
12.025
18.043
20.161
22.112
24.096
26.013
33.899
35.85
37.884
41.802
45.787
47.804
49.722
51.772
57.741
67.612
69.696
71.563
73.63
77.699
79.499
81.65
85.501
87.485
89.486
91.404
95.455
107.259
121.281
125.233
127.3
131.201
133.252
135.053
137.22
139.071
145.056
147.024
151.075
152.909
155.06
162.88
166.981
168.815
170.916
172.8
176.901
182.82
184.771
190.623
194.591
198.559
202.577
208.446
214.598
218.55
224.519
228.337
238.407
244.243
246.227
250.128
258.148
260.148
262.132
264.15
266.134
270.002
274.003
275.987
280.056
285.841
289.926
295.745
297.845
299.796
301.847
303.714
305.698
307.666
309.65
325.556
327.656
331.608
333.458
337.543
341.478
349.314
355.416
359.368
361.235
363.219
365.203
371.139
375.274
377.291
385.111
393.08
394.947
401.083
403.017
411.003
413.004
414.971
424.808
426.826
438.763
440.697
442.715
446.733
448.517
458.454
462.589
466.54
468.374
474.41
480.462
482.313
484.347
486.314
492.216
494.217
496.251
500.102
504.071
