4.261
6.128
10.096
12.114
18.116
20.033
22.084
24.001
26.069
33.855
35.989
37.856
41.774
45.909
47.743
49.877
51.678
57.68
67.634
69.551
71.652
73.636
77.587
79.438
81.488
85.473
87.474
89.558
91.442
95.377
107.364
121.286
125.254
127.138
131.173
133.207
135.024
136.975
139.009
145.061
147.095
151.046
152.947
154.864
162.834
166.735
168.786
170.687
172.871
176.822
182.758
184.692
190.66
194.562
198.58
202.598
208.483
214.436
218.404
224.272
228.24
238.277
244.196
246.18
250.082
257.984
260.052
261.969
264.003
266.087
269.955
273.957
275.957
279.892
285.794
289.812
295.764
297.682
299.716
301.75
303.667
305.668
307.685
309.619
325.508
327.559
331.56
333.511
337.379
341.364
349.367
355.185
359.27
361.321
363.155
365.272
371.191
375.159
377.16
385.046
392.932
394.966
400.935
402.802
410.905
412.756
414.823
424.794
426.778
438.682
440.532
442.583
446.585
448.452
458.522
462.49
466.375
468.359
474.261
480.23
482.181
484.331
486.299
492.117
494.151
496.119
500.187
504.105
