4.093
6.094
10.228
12.229
18.031
20.099
22.116
23.983
25.917
33.937
35.988
37.872
41.79
45.825
47.792
49.793
51.86
57.746
67.616
69.633
71.734
73.718
77.603
79.67
81.504
85.472
87.506
89.507
91.591
95.443
107.263
121.269
125.237
127.287
131.206
133.24
135.224
137.174
139.108
145.027
146.945
150.946
152.93
154.897
163.017
166.818
168.902
170.853
172.821
176.722
182.641
184.625
190.627
194.628
198.58
202.581
208.517
214.386
218.487
224.489
228.474
238.378
244.213
246.13
250.132
258.118
260.169
262.036
264.037
266.071
269.956
273.924
275.975
279.976
285.862
289.78
295.915
297.783
299.8
301.834
303.751
305.735
307.636
309.77
325.593
327.493
331.645
333.445
337.564
341.432
349.418
355.437
359.322
361.339
363.24
365.207
371.176
375.144
377.211
385.048
393
395.101
401.02
402.904
410.99
412.824
414.758
424.762
426.813
438.684
440.634
442.618
446.703
448.687
458.541
462.559
466.494
468.361
474.363
480.432
482.266
484.367
486.334
492.22
494.12
496.204
500.123
504.091
