4.079
6.163
10.231
12.149
18.084
20.135
21.952
24.103
26.037
34.04
36.024
37.808
41.826
45.911
47.845
49.779
51.713
57.798
67.569
69.736
71.553
73.554
77.622
79.589
81.49
85.592
87.609
89.476
91.477
95.479
107.433
121.321
125.239
127.29
131.191
133.042
135.059
137.144
139.028
145.013
146.98
151.049
153.033
155.067
162.853
166.838
168.955
170.872
172.923
176.808
182.793
184.694
190.596
194.581
198.616
202.534
208.469
214.455
218.389
224.342
228.426
238.213
244.332
246.249
250.101
258.22
260.021
262.072
264.156
266.006
270.075
274.026
275.943
279.928
285.93
289.915
295.901
297.718
299.735
301.853
303.853
305.654
307.721
309.806
325.561
327.662
331.547
333.581
337.449
341.4
349.436
355.239
359.34
361.391
363.241
365.292
371.161
375.229
377.08
385.199
393.035
395.12
400.922
403.006
410.992
412.793
414.893
424.847
426.864
438.702
440.703
442.57
446.671
448.489
458.592
462.494
466.428
468.346
474.398
480.434
482.268
484.235
486.269
492.238
494.238
496.156
500.257
504.042
