4.206
6.107
10.075
12.075
18.061
19.995
21.946
24.03
26.064
33.867
35.867
37.901
41.986
45.871
47.755
49.806
51.857
57.792
67.679
69.68
71.73
73.531
77.699
79.65
81.567
85.502
87.57
89.404
91.454
95.372
107.427
121.215
125.283
127.234
131.252
133.036
135.087
137.038
138.988
145.007
146.974
150.926
153.043
154.894
162.947
166.815
168.849
170.766
172.834
176.752
182.637
184.638
190.574
194.675
198.593
202.445
208.447
214.399
218.334
224.269
228.421
238.308
244.143
246.261
250.079
258.098
260.032
262.15
263.95
266.018
269.969
273.921
275.921
280.006
285.958
289.726
295.779
297.696
299.73
301.731
303.615
305.682
307.716
309.667
325.523
327.523
331.525
333.492
337.427
341.362
349.298
355.267
359.218
361.319
363.303
365.12
371.139
375.074
377.208
385.011
393.014
394.998
400.8
402.918
410.87
412.721
414.705
424.609
426.676
438.597
440.665
442.582
446.517
448.467
458.421
462.489
466.357
468.275
474.21
480.262
482.196
484.281
486.198
492.05
494.167
496.168
500.153
504.138
