4.209
6.21
10.178
12.195
18.097
19.965
22.132
24.133
26.084
34.036
35.921
37.855
41.956
45.757
47.858
49.776
51.726
57.778
67.582
69.766
71.617
73.634
77.669
79.503
81.537
85.455
87.423
89.54
91.574
95.526
107.363
121.318
125.303
127.087
131.222
133.073
135.073
137.074
138.975
145.127
147.044
150.979
153.047
154.864
162.917
166.935
168.769
170.87
172.787
176.705
182.707
184.691
190.594
194.545
198.58
202.448
208.417
214.386
218.454
224.389
228.324
238.328
244.146
246.264
250.182
258.018
260.119
262.053
264.054
266.121
269.889
273.907
275.991
279.976
285.862
289.88
295.749
297.816
299.783
301.767
303.752
305.752
307.736
309.587
325.593
327.427
331.428
333.379
337.33
341.432
349.368
355.32
359.172
361.306
363.173
365.257
371.159
375.028
377.095
385.115
393.001
395.035
400.987
402.788
410.774
412.741
414.759
424.796
426.596
438.667
440.551
442.535
446.604
448.554
458.508
462.509
466.311
468.345
474.28
480.316
482.233
484.201
486.285
492.17
494.054
496.088
500.14
504.091
