4.189
6.206
10.191
12.175
18.094
20.161
22.095
24.046
26.097
33.85
35.834
38.001
41.919
45.904
47.755
49.755
51.84
57.675
67.679
69.596
71.647
73.547
77.682
79.55
81.517
85.635
87.603
89.603
91.471
95.539
107.326
121.148
125.283
127.167
131.218
133.136
135.053
137.087
139.071
145.14
147.124
150.926
152.943
155.027
162.913
166.982
168.799
170.95
172.8
176.702
182.754
184.821
190.607
194.625
198.693
202.695
208.497
214.566
218.384
224.402
228.487
238.341
244.276
246.16
250.279
258.048
260.149
262.2
264.05
266.018
270.152
273.937
276.088
280.039
286.025
289.993
295.878
297.863
299.747
301.897
303.881
305.815
307.849
309.784
325.606
327.623
331.575
333.576
337.594
341.395
349.381
355.317
359.385
361.386
363.303
365.22
371.206
375.157
377.291
385.161
393.147
395.031
400.9
402.951
410.854
412.938
414.955
424.825
426.876
438.731
440.648
442.649
446.733
448.567
458.638
462.523
466.457
468.458
474.327
480.312
482.43
484.431
486.214
492.35
494.201
496.135
500.12
504.221
