4.236
6.072
10.009
12.094
17.917
19.969
22.004
23.939
25.908
33.883
35.751
37.753
41.657
45.661
47.646
49.648
51.534
57.556
67.299
69.368
71.437
73.389
77.343
79.261
81.18
85.084
87.036
89.121
91.09
95.01
106.889
120.803
124.84
126.792
130.713
132.681
134.617
136.585
138.554
144.376
146.362
150.332
152.468
154.403
162.311
166.282
168.167
170.236
172.037
176.075
182.081
183.966
189.855
193.792
197.763
201.75
207.673
213.596
217.583
223.589
227.493
237.369
243.259
245.394
249.381
257.289
259.074
261.093
263.062
265.097
268.934
273.072
274.957
278.928
284.783
288.871
294.677
296.729
298.747
300.549
302.568
304.67
306.572
308.54
324.356
326.342
330.346
332.281
336.318
340.139
348.213
354.153
358.057
360.009
361.894
363.946
369.885
373.839
375.741
383.732
391.573
393.592
399.598
401.533
409.441
411.393
413.295
423.188
425.207
437.202
439.004
441.09
444.943
446.995
456.989
460.943
464.813
466.849
472.755
478.577
480.662
482.598
484.466
490.506
492.524
494.376
498.33
502.351
