4.197
6.081
10.216
12.1
18.036
20.003
22.137
23.921
25.905
33.925
35.925
38.009
41.977
45.745
47.813
49.914
51.781
57.716
67.687
69.554
71.655
73.522
77.49
79.641
81.625
85.61
87.41
89.445
91.512
95.397
107.351
121.289
125.091
127.075
131.21
133.077
135.161
137.012
138.996
145.115
147.115
151.067
153.017
154.968
162.804
166.739
168.773
170.757
172.824
176.693
182.761
184.629
190.681
194.566
198.634
202.468
208.554
214.473
218.441
224.276
228.411
238.248
244.284
246.251
250.119
258.155
259.989
261.99
264.141
266.091
270.026
274.028
276.012
279.88
285.865
289.917
295.769
297.853
299.737
301.671
303.705
305.639
307.69
309.707
325.463
327.597
331.498
333.432
337.467
341.402
349.371
355.257
359.358
361.326
363.243
365.227
371.279
375.081
377.148
385.068
392.97
394.938
401.023
402.824
410.827
412.777
414.762
424.782
426.783
438.603
440.721
442.522
446.573
448.557
458.461
462.412
466.43
468.314
474.283
480.202
482.253
484.37
486.304
492.306
494.19
496.107
500.159
504.044
