4.095
6.096
10.064
12.115
18
20.135
22.135
24.103
26.037
34.04
35.824
37.924
41.826
45.761
47.895
49.829
51.813
57.682
67.685
69.636
71.687
73.621
77.672
79.573
81.657
85.592
87.592
89.46
91.394
95.395
107.383
121.338
125.189
127.207
131.242
133.209
135.01
137.127
139.161
145.063
147.081
150.932
153.016
154.917
162.886
166.855
168.772
170.739
172.707
176.758
182.81
184.794
190.73
194.515
198.583
202.651
208.503
214.355
218.473
224.459
228.344
238.297
244.183
246.15
250.235
258.154
260.055
262.073
263.99
266.024
269.959
273.894
275.961
279.979
285.781
289.766
295.752
297.769
299.72
301.704
303.788
305.688
307.723
309.723
325.546
327.53
331.498
333.565
337.55
341.435
349.354
355.407
359.308
361.325
363.259
365.193
371.229
375.13
377.131
385.101
392.937
395.038
400.873
403.024
410.81
412.777
414.812
424.849
426.749
438.637
440.704
442.655
446.54
448.657
458.544
462.496
466.48
468.498
474.367
480.202
482.369
484.22
486.204
492.106
494.14
496.108
500.059
504.194
