4.1
6.151
10.119
12.103
18.155
20.022
22.123
24.024
26.008
33.994
35.928
37.962
41.864
45.848
47.916
49.766
51.7
57.819
67.606
69.757
71.691
73.592
77.493
79.66
81.645
85.629
87.513
89.431
91.448
95.55
107.287
121.159
125.26
127.278
131.129
133.23
135.164
137.131
139.098
145.134
147.085
150.936
152.92
154.937
162.824
166.775
168.792
170.877
172.861
176.745
182.597
184.715
190.7
194.652
198.536
202.588
208.373
214.325
218.36
224.429
228.38
238.167
244.236
246.07
250.138
257.958
259.992
261.942
263.927
266.027
269.979
273.93
275.898
279.766
285.901
289.669
295.805
297.605
299.706
301.673
303.691
305.625
307.509
309.676
325.432
327.549
331.334
333.351
337.286
341.371
349.374
355.309
359.244
361.261
363.179
365.046
371.032
375.016
376.967
384.953
392.839
394.84
400.842
402.843
410.679
412.73
414.764
424.651
426.652
438.606
440.523
442.491
446.442
448.376
458.43
462.281
466.316
468.367
474.235
480.104
482.205
484.256
486.056
492.208
494.142
495.993
500.095
504.113
