4.246
6.247
10.098
12.099
18.018
20.152
22.119
24.087
26.021
33.94
35.841
37.975
41.843
45.928
47.879
49.83
51.864
57.833
67.653
69.687
71.554
73.522
77.623
79.657
81.608
85.426
87.51
89.461
91.411
95.496
107.284
121.289
125.107
127.208
131.243
133.16
135.027
137.162
138.979
144.998
147.099
151.067
152.901
154.935
162.921
166.939
168.79
170.741
172.858
176.676
182.745
184.679
190.698
194.583
198.567
202.519
208.454
214.507
218.491
224.36
228.395
238.349
244.234
246.252
250.12
258.173
260.023
262.041
264.058
266.092
269.944
273.895
275.996
279.997
285.966
289.768
295.703
297.72
299.671
301.822
303.706
305.773
307.674
309.625
325.497
327.615
331.433
333.384
337.452
341.453
349.456
355.308
359.293
361.327
363.178
365.312
371.064
375.082
377.066
385.153
393.089
395.073
400.975
403.009
410.879
412.746
414.847
424.734
426.768
438.589
440.59
442.674
446.642
448.642
458.546
462.448
466.316
468.45
474.319
480.221
482.171
484.356
486.273
492.192
494.193
496.11
500.195
504.046
