4.182
6.234
10.188
11.99
17.963
19.864
21.9
23.985
25.87
33.745
35.78
37.832
41.786
45.607
47.576
49.477
51.596
57.469
67.295
69.314
71.399
73.368
77.272
79.291
81.109
85.08
87.082
89.1
91.119
94.973
106.835
120.782
124.72
126.638
130.692
132.544
134.529
136.598
138.55
144.423
146.358
150.329
152.264
154.282
162.357
166.244
168.08
170.082
172.084
176.104
181.927
183.962
189.935
193.972
197.876
201.697
207.619
213.642
217.696
223.552
227.473
237.399
243.255
245.224
249.261
257.202
259.154
261.056
263.208
265.094
268.947
272.935
275.003
278.807
284.747
288.801
294.707
296.675
298.661
300.663
302.715
304.5
306.552
308.554
324.486
326.288
330.342
332.261
336.165
340.185
348.093
354.016
358.103
359.872
361.841
363.876
369.748
373.752
375.688
383.679
391.72
393.556
399.628
401.514
409.505
411.373
413.259
423.219
425.237
437.166
439.185
441.07
445.091
446.959
457.003
460.94
464.727
466.712
472.668
478.641
480.643
482.662
484.547
490.453
492.388
494.407
498.294
502.298
