4.094
6.078
10.13
12.197
18.099
20.15
21.934
23.951
26.102
33.955
35.872
37.823
41.808
45.943
47.777
49.811
51.845
57.647
67.767
69.551
71.635
73.719
77.687
79.621
81.489
85.54
87.508
89.425
91.509
95.494
107.348
121.186
125.121
127.222
131.107
133.074
135.108
137.092
139.009
145.028
147.012
151.081
152.948
154.882
163.001
166.886
168.937
170.821
172.738
176.756
182.759
184.826
190.711
194.63
198.548
202.632
208.468
214.57
218.538
224.34
228.308
238.312
244.147
246.198
250.233
258.219
260.12
262.171
264.088
265.955
269.957
273.891
275.959
279.944
285.979
289.931
295.899
297.717
299.867
301.851
303.735
305.803
307.654
309.721
325.51
327.461
331.629
333.513
337.481
341.516
349.369
355.304
359.305
361.223
363.224
365.191
371.21
375.128
377.145
385.165
392.984
394.935
400.954
402.871
410.874
412.975
414.892
424.762
426.796
438.584
440.651
442.652
446.52
448.638
458.608
462.576
466.344
468.345
474.33
480.332
482.366
484.2
486.235
492.237
494.271
496.105
500.206
504.241
