4.233
6.184
10.085
12.069
18.021
20.089
22.056
23.924
26.074
33.927
35.961
37.829
41.897
45.815
47.832
49.85
51.75
57.686
67.756
69.757
71.541
73.542
77.61
79.51
81.511
85.629
87.463
89.547
91.381
95.549
107.421
121.275
125.177
127.111
131.062
133.146
135.13
137.181
138.998
144.984
146.951
150.953
152.937
155.021
162.924
166.842
168.893
170.793
172.761
176.812
182.814
184.682
190.667
194.585
198.62
202.621
208.54
214.409
218.377
224.346
228.364
238.334
244.17
246.137
250.155
258.025
260.025
262.143
264.094
266.061
269.929
274.014
276.015
279.799
285.885
289.77
295.855
297.756
299.673
301.641
303.708
305.692
307.743
309.643
325.399
327.55
331.518
333.385
337.437
341.438
349.224
355.327
359.311
361.229
363.196
365.18
371.116
375.117
377.168
385.037
393.04
394.841
400.943
402.844
410.83
412.864
414.681
424.735
426.686
438.54
440.657
442.491
446.509
448.46
458.447
462.432
466.267
468.417
474.386
480.338
482.239
484.24
486.257
492.176
494.043
496.194
500.029
503.947
