4.218
6.069
10.22
12.054
18.073
20.14
22.091
23.992
25.943
33.895
35.863
37.98
41.798
45.766
47.917
49.735
51.835
57.721
67.608
69.692
71.576
73.61
77.595
79.612
81.663
85.498
87.582
89.482
91.5
95.518
107.406
121.127
125.195
127.246
131.047
133.198
135.149
137.116
139.034
144.919
146.987
150.988
152.955
155.006
162.809
166.911
168.828
170.829
172.713
176.697
182.75
184.634
190.719
194.537
198.539
202.623
208.526
214.361
218.479
224.448
228.216
238.303
244.122
246.106
250.041
258.01
260.094
262.045
264.096
266.013
269.998
274.016
275.917
279.968
285.92
289.772
295.774
297.625
299.792
301.743
303.627
305.711
307.662
309.612
325.518
327.536
331.42
333.504
337.372
341.424
349.227
355.179
359.28
361.164
363.249
365.216
371.068
375.086
377.187
385.09
392.909
394.927
400.929
402.896
410.899
412.867
414.717
424.688
426.655
438.676
440.527
442.494
446.512
448.58
458.333
462.418
466.319
468.32
474.306
480.341
482.292
484.259
486.293
492.229
494.063
496.064
500.182
504.15
