4.063
6.075
10.034
11.94
17.964
19.963
21.869
23.828
25.947
33.784
35.783
37.702
41.661
45.526
47.578
49.551
51.59
57.414
67.277
69.343
71.209
73.168
77.153
79.179
81.191
85.003
87.162
89.015
91.027
95.079
106.887
120.535
124.56
126.653
130.451
132.49
134.463
136.502
138.395
144.219
146.391
150.15
152.176
154.228
162.158
166.09
168.022
169.928
171.914
175.979
181.843
183.816
189.787
193.745
197.704
201.449
207.42
213.417
217.322
223.267
227.132
236.981
243.098
244.911
249.003
256.813
258.825
260.878
262.704
264.743
268.701
272.513
274.672
278.551
284.521
288.493
294.264
296.29
298.236
300.155
302.194
304.3
306.219
308.192
323.825
325.984
329.823
331.862
335.86
339.672
347.682
353.533
357.398
359.384
361.383
363.502
369.22
373.205
375.191
383.228
391.144
392.97
398.928
400.967
408.897
410.75
412.776
422.638
424.664
436.406
438.472
440.444
444.336
446.295
456.105
460.116
464.141
466.167
472.018
477.989
479.975
481.801
483.787
489.771
491.797
493.636
497.754
501.633
