4.144
6.178
10.08
12.097
18.049
20.067
22.067
24.068
25.936
33.922
35.856
37.824
41.942
45.827
47.777
49.778
51.762
57.764
67.735
69.636
71.686
73.687
77.472
79.506
81.49
85.442
87.392
89.36
91.461
95.395
107.333
121.239
125.224
127.091
131.209
133.143
135.094
137.078
139.095
144.981
147.015
150.933
152.851
154.968
162.888
166.739
168.74
170.824
172.692
176.777
182.745
184.68
190.732
194.617
198.618
202.636
208.539
214.391
218.342
224.428
228.413
238.217
244.286
246.07
250.054
258.007
259.975
261.992
264.093
265.927
269.879
273.93
275.814
279.849
285.835
289.77
295.839
297.639
299.773
301.607
303.692
305.676
307.61
309.644
325.467
327.501
331.519
333.52
337.404
341.439
349.226
355.245
359.296
361.214
363.181
365.215
371.184
375.019
377.153
384.973
392.892
394.976
400.845
402.829
410.849
412.7
414.701
424.738
426.588
438.576
440.577
442.611
446.446
448.58
458.517
462.369
466.304
468.254
474.24
480.259
482.326
484.26
486.111
492.23
494.181
496.032
500
504.135
