4.079
6.163
10.148
12.065
18.084
20.001
22.102
24.036
26.053
33.923
35.907
37.957
41.959
45.894
47.761
49.895
51.896
57.715
67.601
69.569
71.703
73.637
77.655
79.522
81.54
85.608
87.525
89.593
91.51
95.528
107.332
121.254
125.239
127.156
131.057
133.125
135.075
137.193
139.044
145.079
147.08
150.914
152.932
154.999
162.802
166.97
168.887
170.872
172.722
176.707
182.676
184.793
190.779
194.547
198.681
202.649
208.502
214.387
218.522
224.324
228.292
238.262
244.281
246.282
250.233
258.086
260.02
262.004
264.121
266.055
269.94
274.108
275.926
279.994
285.812
289.881
295.816
297.733
299.734
301.802
303.802
305.653
307.654
309.621
325.56
327.527
331.645
333.463
337.564
341.366
349.469
355.254
359.372
361.306
363.357
365.174
371.126
375.144
377.195
385.081
393.084
394.935
400.92
403.038
410.94
412.808
414.842
424.695
426.829
438.7
440.651
442.685
446.686
448.554
458.524
462.392
466.46
468.478
474.463
480.398
482.316
484.4
486.334
492.236
494.32
496.121
500.239
504.09
