4.136
6.07
10.188
12.189
17.991
20.025
21.992
24.126
26.044
33.846
35.88
37.965
41.949
45.751
47.785
49.869
51.82
57.772
67.709
69.659
71.61
73.694
77.562
79.613
81.464
85.465
87.532
89.5
91.417
95.552
107.44
121.194
125.279
127.197
131.215
133.165
135.166
137.167
139.051
145.12
147.07
150.989
153.056
155.04
162.993
166.828
168.812
170.862
172.863
176.731
182.717
184.701
190.686
194.721
198.639
202.624
208.643
214.395
218.413
224.415
228.4
238.303
244.189
246.173
250.141
258.044
260.228
262.212
264.179
266.013
270.081
273.999
276
280.068
285.837
289.839
295.941
297.908
299.875
301.726
303.71
305.728
307.645
309.762
325.618
327.485
331.47
333.538
337.406
341.424
349.393
355.345
359.38
361.414
363.382
365.232
371.235
375.286
377.137
385.106
392.992
395.01
401.012
402.963
410.982
412.95
414.95
424.837
426.838
438.742
440.676
442.727
446.595
448.629
458.583
462.601
466.502
468.536
474.355
480.307
482.491
484.359
486.393
492.395
494.329
496.346
500.348
504.249
