4.212
6.163
10.214
12.198
18.034
20.051
22.119
23.969
25.937
34.006
35.924
37.941
41.859
45.744
47.828
49.862
51.829
57.715
67.768
69.719
71.57
73.721
77.672
79.523
81.623
85.441
87.526
89.576
91.377
95.412
107.399
121.221
125.256
127.223
131.125
133.042
135.226
137.093
139.161
144.963
147.047
150.998
152.999
155
162.853
166.837
168.921
170.939
172.84
176.724
182.71
184.744
190.696
194.581
198.549
202.467
208.619
214.371
218.523
224.325
228.343
238.18
244.182
246.149
250.084
258.037
260.071
262.105
264.156
265.956
270.025
274.059
275.993
280.012
285.797
289.815
295.751
297.851
299.852
301.636
303.787
305.637
307.755
309.656
325.578
327.462
331.563
333.414
337.449
341.5
349.353
355.239
359.323
361.241
363.275
365.242
371.094
375.196
377.08
385.116
393.036
395.086
400.988
402.973
410.859
412.759
414.76
424.814
426.714
438.685
440.719
442.62
446.638
448.489
458.426
462.511
466.445
468.296
474.432
480.367
482.301
484.352
486.336
492.171
494.255
496.273
500.158
504.126
