4.132
6.233
10.217
12.118
18.104
20.154
22.088
23.989
26.006
33.959
35.943
37.878
41.846
45.88
47.764
49.749
51.833
57.835
67.622
69.756
71.573
73.707
77.609
79.61
81.544
85.528
87.462
89.413
91.464
95.465
107.453
121.242
125.126
127.144
131.112
133.163
135.113
137.081
139.015
145.15
147.101
151.103
152.92
154.971
162.924
166.825
168.759
170.927
172.911
176.845
182.748
184.682
190.634
194.619
198.67
202.572
208.457
214.543
218.544
224.43
228.431
238.218
244.304
246.304
250.239
258.109
260.109
262.193
264.178
266.045
269.946
273.914
275.999
280.067
285.819
289.887
295.806
297.79
299.807
301.758
303.826
305.676
307.827
309.661
325.634
327.468
331.552
333.553
337.538
341.523
349.376
355.445
359.246
361.347
363.381
365.248
371.217
375.268
377.253
385.122
392.958
395.009
400.911
402.895
410.832
412.832
414.766
424.72
426.721
438.642
440.576
442.66
446.545
448.662
458.449
462.401
466.402
468.52
474.272
480.274
482.275
484.192
486.343
492.145
494.179
496.113
500.231
504.083
