4.089
6.106
10.141
12.208
18.027
20.028
22.062
24.079
25.93
33.899
35.95
37.934
41.969
45.837
47.738
49.855
51.806
57.758
67.628
69.729
71.73
73.614
77.582
79.666
81.667
85.485
87.452
89.519
91.587
95.421
107.409
121.147
125.132
127.099
131.168
133.252
135.219
137.053
139.17
145.156
146.957
151.025
152.959
154.909
163.012
166.83
168.864
170.799
172.899
176.901
182.653
184.82
190.672
194.657
198.525
202.677
208.579
214.498
218.549
224.351
228.286
238.273
244.225
246.226
250.31
258.247
260.047
262.048
264.132
266.183
269.967
273.936
275.92
279.938
285.906
289.975
295.943
297.877
299.711
301.746
303.83
305.697
307.648
309.715
325.704
327.571
331.59
333.64
337.475
341.56
349.396
355.465
359.35
361.35
363.201
365.385
371.22
375.272
377.256
385.092
393.012
394.929
400.914
402.915
410.818
412.869
414.853
424.79
426.757
438.578
440.612
442.663
446.681
448.548
458.435
462.553
466.521
468.539
474.307
480.443
482.36
484.211
486.312
492.231
494.298
496.265
500.15
504.201
