4.231
6.081
10.05
12.117
18.103
20.003
21.937
24.105
26.022
34.042
35.859
37.843
41.795
45.93
47.73
49.781
51.749
57.768
67.638
69.572
71.556
73.674
77.558
79.459
81.627
85.411
87.545
89.546
91.397
95.532
107.42
121.158
125.26
127.227
131.112
133.196
135.18
137.131
139.115
144.917
146.968
150.869
152.887
154.988
162.924
166.742
168.693
170.827
172.844
176.729
182.581
184.632
190.618
194.636
198.571
202.589
208.341
214.31
218.328
224.214
228.332
238.286
244.205
246.022
250.074
258.127
260.094
262.078
263.979
265.896
270.014
273.849
275.783
279.835
285.87
289.872
295.674
297.675
299.726
301.593
303.61
305.678
307.729
309.563
325.402
327.486
331.471
333.372
337.34
341.408
349.311
355.18
359.248
361.199
363.2
365.2
371.103
375.054
377.138
385.008
392.877
394.912
400.897
402.781
410.801
412.852
414.802
424.639
426.724
438.578
440.445
442.596
446.531
448.432
458.319
462.32
466.372
468.356
474.325
480.21
482.211
484.112
486.246
492.065
494.082
496.133
500.035
504.003
