4.29
6.258
10.242
12.06
18.062
20.029
22.147
24.131
26.115
33.901
35.918
37.819
41.87
45.922
47.739
49.89
51.741
57.743
67.763
69.681
71.698
73.565
77.517
79.601
81.502
85.42
87.52
89.505
91.422
95.473
107.361
121.133
125.101
127.235
131.103
133.037
135.054
137.005
139.139
144.941
147.059
151.077
153.028
154.878
162.848
166.783
168.767
170.817
172.702
176.753
182.638
184.806
190.575
194.609
198.644
202.529
208.548
214.433
218.418
224.287
228.355
238.275
244.161
246.145
250.063
258.016
260.067
262.084
263.985
266.019
269.937
273.855
275.989
279.891
285.793
289.878
295.696
297.664
299.698
301.765
303.766
305.733
307.701
309.718
325.557
327.558
331.359
333.41
337.478
341.263
349.383
355.335
359.253
361.187
363.271
365.122
371.174
375.042
377.159
384.929
392.982
395.033
400.985
402.819
410.805
412.789
414.856
424.76
426.644
438.498
440.549
442.617
446.618
448.419
458.356
462.357
466.425
468.343
474.178
480.264
482.181
484.115
486.282
492.235
494.102
496.119
500.021
504.006
