4.09
6.074
10.092
12.176
18.162
20.146
22.046
23.93
25.948
33.867
35.918
37.935
41.954
45.805
47.889
49.807
51.841
57.659
67.58
69.63
71.631
73.565
77.567
79.567
81.585
85.453
87.487
89.554
91.455
95.54
107.361
121.283
125.184
127.202
131.253
133.187
135.121
137.172
139.156
144.958
147.026
150.927
152.928
154.945
162.815
166.8
168.867
170.834
172.735
176.77
182.689
184.639
190.625
194.676
198.628
202.613
208.632
214.417
218.352
224.337
228.406
238.276
244.161
246.329
250.147
258.233
260.084
262.035
264.085
266.003
270.104
273.989
276.023
279.891
285.977
289.828
295.747
297.748
299.848
301.849
303.867
305.684
307.685
309.752
325.558
327.525
331.627
333.578
337.496
341.497
349.367
355.269
359.237
361.388
363.322
365.173
371.325
375.26
377.127
385.163
392.949
395.1
401.019
402.97
410.873
412.857
414.774
424.794
426.728
438.583
440.617
442.668
446.519
448.62
458.54
462.408
466.51
468.427
474.479
480.365
482.249
484.233
486.384
492.219
494.153
496.321
500.172
504.14
