4.148
6.132
10.183
12.151
18.103
19.987
22.071
24.039
26.089
33.842
35.926
37.944
41.778
45.847
47.731
49.915
51.849
57.784
67.638
69.605
71.589
73.657
77.642
79.526
81.526
85.611
87.612
89.429
91.397
95.381
107.386
121.341
125.292
127.093
131.128
133.179
135.079
137.13
139.131
144.983
147.05
150.919
153.086
155.053
162.956
166.908
168.908
170.909
172.927
176.845
182.664
184.781
190.783
194.635
198.553
202.554
208.556
214.459
218.393
224.446
228.33
238.384
244.269
246.337
250.288
258.041
260.175
262.076
263.993
266.178
270.062
273.914
275.948
279.899
285.868
289.786
295.938
297.839
299.723
301.741
303.825
305.692
307.726
309.744
325.649
327.5
331.618
333.536
337.404
341.572
349.492
355.377
359.245
361.329
363.33
365.231
371.283
375.201
377.235
385.038
393.141
395.108
400.944
402.895
410.814
412.831
414.982
424.803
426.887
438.724
440.675
442.559
446.577
448.645
458.498
462.6
466.368
468.552
474.504
480.273
482.44
484.308
486.225
492.161
494.228
496.179
500.147
504.098
