4.287
6.204
10.155
12.123
18.125
20.093
21.96
24.111
26.095
33.931
35.982
37.933
41.801
45.952
47.937
49.887
51.721
57.824
67.711
69.645
71.662
73.63
77.698
79.499
81.599
85.484
87.485
89.586
91.486
95.555
107.426
121.248
125.233
127.2
131.152
133.069
135.103
137.004
139.105
144.94
147.008
150.976
152.91
154.994
162.814
166.815
168.883
170.883
172.868
176.819
182.688
184.639
190.758
194.576
198.561
202.562
208.631
214.567
218.402
224.471
228.455
238.259
244.228
246.296
250.247
258.167
260.001
262.168
264.086
266.02
270.105
273.956
275.89
280.025
285.961
289.779
295.831
297.732
299.866
301.75
303.834
305.702
307.736
309.736
325.559
327.643
331.461
333.412
337.497
341.365
349.452
355.254
359.389
361.273
363.307
365.341
371.11
375.211
377.095
385.098
393.001
395.102
401.055
403.005
410.925
412.942
414.743
424.83
426.831
438.586
440.62
442.637
446.539
448.589
458.56
462.511
466.513
468.414
474.299
480.235
482.219
484.27
486.237
492.106
494.123
496.274
500.209
504.061
