4.141
6.125
10.194
12.111
18.063
20.097
22.015
24.099
26.05
34.036
35.97
37.921
41.989
45.924
47.791
49.926
51.726
57.862
67.766
69.716
71.717
73.685
77.686
79.504
81.554
85.522
87.54
89.574
91.491
95.376
107.431
121.286
125.154
127.122
131.107
133.207
135.008
137.126
139.126
144.928
147.079
151.031
152.865
154.999
162.902
166.92
168.904
170.788
172.906
176.691
182.71
184.71
190.763
194.664
198.566
202.667
208.453
214.372
218.34
224.342
228.427
238.231
244.283
246.234
250.185
258.138
260.106
262.107
263.957
266.025
269.926
274.044
275.945
279.813
285.882
289.901
295.819
297.67
299.671
301.638
303.622
305.74
307.707
309.775
325.514
327.498
331.6
333.567
337.485
341.47
349.44
355.392
359.36
361.244
363.145
365.196
371.198
375.133
377.184
385.02
392.957
394.924
400.893
402.844
410.797
412.931
414.832
424.819
426.653
438.574
440.558
442.626
446.544
448.544
458.565
462.333
466.418
468.402
474.271
480.257
482.274
484.225
486.175
492.294
494.212
496.063
500.214
504.032
