4.125
6.242
10.177
12.161
18.18
20.014
21.948
23.949
26.1
33.869
36.003
37.987
41.905
45.79
47.941
49.825
51.826
57.728
67.782
69.616
71.75
73.534
77.685
79.636
81.52
85.555
87.422
89.573
91.524
95.408
107.379
121.285
125.186
127.103
131.205
133.222
135.09
137.024
139.041
144.943
146.927
150.912
152.946
154.997
162.833
166.885
168.752
170.736
172.687
176.805
182.807
184.775
190.577
194.712
198.546
202.464
208.483
214.352
218.304
224.356
228.257
238.244
244.13
246.114
250.132
258.002
260.086
262.12
264.137
265.921
269.923
274.041
275.858
279.86
285.878
289.763
295.765
297.799
299.7
301.634
303.618
305.652
307.67
309.654
325.526
327.544
331.495
333.429
337.481
341.482
349.385
355.337
359.189
361.289
363.173
365.224
371.176
375.145
377.045
385.048
393.034
394.919
400.837
402.838
410.874
412.742
414.792
424.78
426.68
438.618
440.585
442.669
446.588
448.488
458.442
462.46
466.311
468.446
474.431
480.233
482.217
484.185
486.285
492.238
494.122
496.222
500.074
504.192
