4.236
6.27
10.121
12.205
17.974
19.958
22.042
23.96
26.06
34.047
36.031
37.931
41.949
45.868
47.735
49.869
51.803
57.655
67.659
69.643
71.727
73.694
77.646
79.68
81.547
85.615
87.616
89.417
91.434
95.452
107.273
121.162
125.196
127.13
131.082
133.083
135.067
137.067
139.185
144.954
147.038
151.089
153.04
154.974
162.827
166.895
168.862
170.763
172.797
176.699
182.784
184.785
190.587
194.655
198.556
202.625
208.527
214.529
218.447
224.316
228.384
238.354
244.14
246.224
250.225
258.095
259.979
261.98
264.064
266.048
269.916
273.901
275.901
279.953
285.938
289.84
295.775
297.876
299.843
301.677
303.645
305.645
307.796
309.597
325.586
327.437
331.455
333.406
337.557
341.325
349.445
355.38
359.248
361.282
363.3
365.284
371.236
375.054
377.138
384.974
392.911
395.028
400.997
402.931
410.784
412.785
414.935
424.822
426.756
438.711
440.578
442.545
446.513
448.481
458.451
462.436
466.487
468.388
474.44
480.259
482.21
484.261
486.211
492.297
494.097
496.132
500.133
504.218
