4.082
6.199
10.184
12.051
18.02
19.954
21.938
23.972
25.906
33.992
36.01
37.96
41.812
45.88
47.781
49.748
51.715
57.651
67.638
69.755
71.739
73.557
77.641
79.675
81.559
85.577
87.512
89.546
91.43
95.548
107.285
121.224
125.292
127.292
131.077
133.111
135.029
137.096
139.197
145.015
147.033
150.918
153.018
155.036
162.889
166.907
168.957
170.741
172.909
176.81
182.746
184.78
190.698
194.75
198.718
202.553
208.488
214.59
218.558
224.477
228.295
238.232
244.268
246.285
250.236
258.139
260.207
262.124
264.158
265.959
269.927
273.978
275.962
279.914
285.833
289.767
295.903
297.77
299.704
301.788
303.706
305.823
307.757
309.774
325.63
327.564
331.549
333.533
337.501
341.503
349.289
355.441
359.409
361.326
363.344
365.161
371.113
375.248
377.132
385.051
393.021
394.955
400.874
402.925
410.794
412.878
414.879
424.699
426.783
438.621
440.705
442.689
446.707
448.524
458.578
462.429
466.531
468.481
474.483
480.302
482.42
484.22
486.388
492.173
494.191
496.275
500.243
504.244
