4.17
6.071
10.206
12.056
18.058
20.042
21.993
23.944
25.961
33.864
36.015
37.849
41.934
45.802
47.736
49.853
51.804
57.723
67.577
69.744
71.745
73.696
77.697
79.681
81.565
85.517
87.584
89.401
91.519
95.47
107.308
121.23
125.148
127.215
131.133
133.217
135.151
137.152
139.003
145.072
147.139
150.991
152.891
154.975
162.912
166.813
168.83
170.831
172.732
176.833
182.752
184.82
190.622
194.757
198.725
202.643
208.645
214.597
218.365
224.351
228.386
238.373
244.175
246.159
250.144
258.097
260.047
262.031
264.115
266.166
270.118
274.002
275.903
280.055
285.973
289.925
295.744
297.895
299.812
301.779
303.83
305.681
307.698
309.716
325.505
327.472
331.54
333.524
337.542
341.477
349.413
355.299
359.35
361.251
363.218
365.303
371.288
375.256
377.19
385.043
393.096
394.947
400.966
402.933
410.819
412.853
414.787
424.841
426.809
438.663
440.714
442.598
446.716
448.566
458.47
462.605
466.373
468.524
474.309
480.295
482.296
484.33
486.397
492.183
494.183
496.184
500.285
504.204
