4.191
6.241
10.226
12.093
18.129
20.03
22.03
23.931
26.032
34.035
35.852
37.903
41.888
45.922
47.74
49.79
51.791
57.86
67.714
69.631
71.582
73.632
77.584
79.585
81.485
85.437
87.521
89.472
91.372
95.49
107.345
121.133
125.235
127.102
131.187
133.171
135.088
137.172
139.09
144.975
147.076
150.994
152.895
154.929
162.865
166.883
168.734
170.751
172.852
176.687
182.689
184.79
190.575
194.643
198.545
202.463
208.482
214.434
218.469
224.421
228.305
238.326
244.128
246.229
250.147
258.116
260.117
262.084
264.019
266.053
270.104
273.889
275.956
279.941
285.893
289.895
295.813
297.797
299.782
301.632
303.616
305.6
307.751
309.568
325.591
327.592
331.476
333.544
337.512
341.347
349.283
355.402
359.337
361.154
363.221
365.272
371.158
375.142
377.16
384.979
392.932
394.933
400.902
402.936
410.855
412.856
414.823
424.81
426.828
438.549
440.633
442.567
446.468
448.619
458.406
462.424
466.476
468.41
474.228
480.231
482.315
484.149
486.133
492.235
494.169
496.153
500.021
504.056
