4.108
6.159
10.177
12.111
18.147
20.064
21.965
24.015
25.916
33.952
35.836
37.987
41.972
45.873
47.907
49.875
51.709
57.828
67.715
69.665
71.633
73.55
77.552
79.519
81.57
85.538
87.572
89.589
91.54
95.425
107.362
121.201
125.119
127.103
131.221
133.088
135.156
137.157
138.991
144.943
146.91
150.962
153.029
155.013
162.966
166.784
168.751
170.702
172.87
176.671
182.773
184.707
190.676
194.694
198.596
202.63
208.533
214.418
218.503
224.322
228.29
238.343
244.296
246.096
250.164
258.101
260.101
262.135
263.936
265.92
270.022
274.04
275.99
279.808
285.844
289.812
295.714
297.732
299.699
301.716
303.751
305.651
307.635
309.736
325.492
327.492
331.411
333.528
337.463
341.298
349.35
355.386
359.154
361.221
363.222
365.19
371.158
375.043
377.144
385.03
393.033
395.017
400.819
402.97
410.873
412.707
414.874
424.795
426.612
438.533
440.6
442.484
446.502
448.47
458.39
462.375
466.293
468.344
474.279
480.215
482.249
484.116
486.1
492.202
494.136
496.104
500.022
504.007
