4.128
6.078
10.196
12.014
17.966
20.067
22.134
23.968
26.052
34.022
35.906
37.973
41.791
45.776
47.843
49.811
51.795
57.814
67.667
69.701
71.635
73.619
77.537
79.471
81.622
85.624
87.524
89.592
91.442
95.344
107.365
121.27
125.205
127.239
131.107
133.124
135.158
137.075
139.11
145.112
146.996
151.03
152.914
155.065
162.851
166.886
168.787
170.938
172.822
176.723
182.692
184.676
190.595
194.73
198.698
202.549
208.585
214.503
218.405
224.374
228.275
238.212
244.181
246.215
250.15
258.036
260.12
262.154
264.171
266.089
270.073
273.941
275.875
279.894
285.996
289.964
295.833
297.883
299.834
301.801
303.752
305.753
307.604
309.671
325.66
327.644
331.412
333.58
337.481
341.332
349.402
355.287
359.372
361.173
363.19
365.208
371.093
375.128
377.079
385.031
393.051
395.002
400.854
402.938
410.957
412.858
414.775
424.712
426.696
438.634
440.668
442.686
446.487
448.621
458.558
462.376
466.344
468.411
474.33
480.232
482.366
484.267
486.168
492.22
494.221
496.271
500.106
504.074
