4.147
6.247
10.032
12.05
18.135
20.086
22.07
23.97
25.904
34.041
35.875
37.809
41.927
45.945
47.779
49.78
51.88
57.682
67.603
69.67
71.721
73.655
77.623
79.473
81.558
85.609
87.61
89.494
91.378
95.529
107.4
121.305
125.156
127.174
131.242
133.159
135.177
137.061
139.011
145.13
146.914
151.032
153.05
154.884
162.853
166.804
168.772
170.789
172.79
176.708
182.76
184.677
190.713
194.614
198.699
202.55
208.603
214.538
218.523
224.408
228.26
238.296
244.332
246.183
250.217
258.154
260.154
262.072
263.972
266.023
270.108
274.093
275.893
280.045
285.88
289.781
295.9
297.801
299.885
301.869
303.67
305.687
307.621
309.738
325.611
327.511
331.58
333.464
337.432
341.533
349.286
355.438
359.256
361.39
363.374
365.308
371.277
375.278
377.079
385.032
393.018
395.119
400.971
402.938
410.858
412.792
414.826
424.796
426.663
438.618
440.702
442.702
446.537
448.571
458.525
462.493
466.427
468.461
474.397
480.332
482.3
484.234
486.218
492.32
494.154
496.188
500.223
504.241
