4.072
6.04
10.044
12.13
17.969
19.888
22.04
23.875
25.894
33.802
35.671
37.773
41.593
45.747
47.583
49.535
51.637
57.509
67.42
69.355
71.324
73.342
77.246
79.198
81.15
85.054
87.04
89.092
90.977
94.914
106.96
120.824
124.761
126.78
130.684
132.669
134.571
136.523
138.559
144.548
146.483
150.337
152.423
154.241
162.2
166.187
168.122
170.074
172.11
176.03
181.953
184.072
190.011
193.782
197.786
201.807
207.663
213.685
217.589
223.529
227.566
237.41
243.299
245.351
249.188
257.213
259.132
261.217
263.202
265.104
269.025
273.029
275.015
278.952
284.791
288.812
294.801
296.637
298.622
300.574
302.726
304.528
306.513
308.515
324.465
326.417
330.221
332.24
336.16
340.164
348.172
354.145
358.099
360.068
362.037
364.022
369.778
373.749
375.684
383.609
391.667
393.686
399.558
401.427
409.418
411.404
413.422
423.282
425.151
437.146
439.098
441.184
444.971
447.107
456.933
460.921
464.825
466.727
472.749
478.589
480.724
482.66
484.662
490.618
492.57
494.555
498.392
502.43
