4.136
6.22
10.038
12.106
18.108
20.142
21.993
24.044
26.028
33.98
36.031
37.882
41.833
45.935
47.936
49.836
51.77
57.856
67.709
69.66
71.611
73.612
77.496
79.58
81.548
85.533
87.6
89.434
91.535
95.453
107.29
121.346
125.264
127.231
131.116
133.183
135.151
137.085
139.069
145.021
147.122
151.056
152.99
154.858
162.944
166.779
168.913
170.713
172.864
176.749
182.735
184.652
190.637
194.555
198.574
202.592
208.544
214.513
218.531
224.333
228.284
238.255
244.173
246.291
250.142
258.112
260.196
262.08
264.147
266.098
270.033
274.068
275.968
279.903
285.939
289.79
295.726
297.71
299.844
301.811
303.829
305.813
307.697
309.781
325.57
327.504
331.605
333.489
337.557
341.542
349.328
355.364
359.332
361.199
363.333
365.251
371.236
375.204
377.239
385.041
393.011
395.112
400.947
402.948
410.851
412.968
414.752
424.772
426.69
438.694
440.645
442.562
446.497
448.631
458.518
462.386
466.354
468.505
474.44
480.393
482.21
484.211
486.328
492.297
494.181
496.265
500.166
504.218
