4.198
6.183
10.084
12.168
18.154
20.154
22.022
23.972
25.973
33.993
35.877
37.894
41.829
45.83
47.915
49.715
51.699
57.768
67.655
69.689
71.723
73.641
77.692
79.676
81.494
85.478
87.613
89.497
91.381
95.349
107.303
121.325
125.26
127.244
131.145
133.213
135.147
137.114
139.148
145.15
147.001
151.053
153.003
154.921
162.84
166.892
168.926
170.76
172.844
176.745
182.848
184.832
190.65
194.619
198.57
202.622
208.64
214.393
218.461
224.48
228.381
238.385
244.22
246.204
250.239
258.142
260.059
262.06
264.111
266.045
270.03
274.115
275.999
279.867
285.969
289.87
295.939
297.807
299.757
301.891
303.675
305.676
307.644
309.778
325.533
327.668
331.652
333.62
337.404
341.473
349.376
355.394
359.413
361.413
363.347
365.265
371.317
375.285
377.136
385.205
392.992
395.059
401.045
402.879
411.015
412.999
414.783
424.72
426.754
438.658
440.592
442.56
446.695
448.612
458.466
462.601
466.452
468.486
474.438
480.357
482.375
484.292
486.326
492.211
494.262
496.313
500.198
504.199
