4.163
6.214
10.099
12.116
18.085
20.102
21.953
24.12
26.104
33.957
35.858
37.842
41.81
45.895
47.929
49.813
51.747
57.733
67.753
69.637
71.538
73.538
77.523
79.641
81.575
85.493
87.594
89.378
91.528
95.446
107.317
121.239
125.191
127.191
131.193
133.093
135.094
137.095
139.079
145.064
146.898
151
152.851
154.901
162.904
166.722
168.873
170.774
172.775
176.643
182.645
184.579
190.698
194.632
198.501
202.552
208.554
214.473
218.374
224.36
228.261
238.148
244.201
246.085
250.136
258.156
260.056
261.99
263.991
265.942
269.893
274.011
275.829
279.813
285.782
289.834
295.703
297.837
299.804
301.805
303.705
305.59
307.757
309.574
325.513
327.598
331.549
333.366
337.351
341.386
349.305
355.208
359.326
361.226
363.227
365.261
371.147
375.165
377.099
385.002
393.071
394.955
400.841
402.875
410.761
412.779
414.879
424.616
426.7
438.588
440.672
442.639
446.507
448.492
458.478
462.38
466.281
468.265
474.368
480.17
482.154
484.205
486.122
492.174
494.158
496.142
500.044
503.978
