4.14
6.208
10.043
12.227
18.145
20.146
21.947
23.998
25.998
33.885
35.969
37.819
41.904
45.839
47.906
49.907
51.808
57.843
67.58
69.614
71.682
73.616
77.567
79.568
81.619
85.504
87.621
89.505
91.539
95.557
107.378
121.283
125.285
127.186
131.104
133.138
135.239
137.206
139.007
145.059
147.11
151.044
152.912
154.912
162.932
166.917
168.934
170.818
172.802
176.72
182.723
184.757
190.676
194.71
198.612
202.547
208.532
214.468
218.502
224.488
228.323
238.293
244.212
246.129
250.264
258.134
260.218
262.152
264.053
265.97
270.071
273.956
276.074
279.975
285.794
289.795
295.814
297.798
299.732
301.733
303.634
305.668
307.719
309.786
325.609
327.626
331.477
333.461
337.496
341.381
349.434
355.42
359.354
361.272
363.189
365.307
371.125
375.127
377.211
385.164
393
394.984
400.853
402.937
410.857
412.791
414.741
424.728
426.679
438.583
440.551
442.702
446.603
448.487
458.441
462.342
466.477
468.361
474.397
480.299
482.383
484.167
486.251
492.12
494.187
496.238
500.039
504.158
