4.243
6.21
10.162
12.196
17.981
20.165
22.033
24.134
25.934
33.904
35.971
37.955
41.857
45.858
47.926
49.926
51.71
57.729
67.783
69.767
71.751
73.635
77.57
79.67
81.654
85.539
87.523
89.507
91.475
95.543
107.397
121.252
125.204
127.288
131.206
133.223
135.057
137.191
139.075
145.078
147.062
151.113
153.03
154.898
162.851
166.819
168.82
170.887
172.938
176.789
182.725
184.659
190.778
194.679
198.664
202.649
208.534
214.47
218.538
224.406
228.291
238.278
244.28
246.148
250.166
258.119
260.186
262.17
263.988
266.122
270.106
274.075
276.009
279.927
286.012
289.83
295.816
297.867
299.817
301.885
303.785
305.769
307.653
309.771
325.56
327.594
331.579
333.463
337.481
341.482
349.419
355.304
359.389
361.173
363.19
365.224
371.21
375.211
377.195
385.015
392.934
394.985
400.904
402.921
410.891
412.775
414.776
424.813
426.814
438.735
440.535
442.519
446.621
448.638
458.525
462.493
466.411
468.479
474.331
480.266
482.25
484.351
486.185
492.171
494.171
496.105
500.257
504.025
