4.108
6.142
10.177
12.194
18.18
20.014
22.148
24.032
26.116
33.969
35.919
37.97
41.822
45.773
47.757
49.908
51.709
57.827
67.598
69.648
71.616
73.633
77.518
79.485
81.603
85.471
87.522
89.489
91.423
95.458
107.262
121.267
125.202
127.086
131.171
133.071
135.122
137.006
139.074
145.142
147.077
150.895
153.012
154.879
162.916
166.817
168.834
170.735
172.853
176.687
182.639
184.64
190.609
194.527
198.679
202.563
208.549
214.451
218.436
224.405
228.289
238.31
244.178
246.196
250.214
258.1
260.201
262.052
264.169
266.036
269.938
274.039
276.007
279.908
285.927
289.878
295.897
297.698
299.749
301.699
303.633
305.667
307.752
309.752
325.508
327.542
331.56
333.561
337.479
341.397
349.367
355.285
359.354
361.271
363.288
365.222
371.124
375.126
377.177
385.046
392.932
394.966
400.885
402.969
410.956
412.773
414.757
424.827
426.761
438.699
440.716
442.584
446.619
448.619
458.54
462.391
466.426
468.443
474.412
480.381
482.215
484.216
486.3
492.218
494.219
496.103
500.138
504.173
