4.265
6.065
10.133
12.134
18.07
19.97
22.005
24.122
25.939
33.892
35.96
37.994
41.862
45.914
47.898
49.782
51.766
57.668
67.722
69.556
71.723
73.674
77.559
79.576
81.56
85.478
87.596
89.53
91.414
95.532
107.403
121.258
125.11
127.227
131.229
133.063
135.18
137.014
139.182
145.134
147.051
150.953
153.07
155.021
162.824
166.825
168.876
170.927
172.911
176.846
182.781
184.649
190.651
194.552
198.704
202.655
208.624
214.393
218.428
224.43
228.448
238.385
244.171
246.172
250.307
258.21
260.027
262.011
264.162
266.013
270.081
273.982
275.983
279.868
285.92
289.921
295.874
297.724
299.908
301.826
303.877
305.827
307.761
309.695
325.618
327.502
331.454
333.454
337.456
341.474
349.494
355.296
359.364
361.398
363.365
365.183
371.218
375.203
377.087
385.174
393.127
395.044
400.913
403.014
410.967
412.834
414.851
424.772
426.856
438.627
440.661
442.562
446.63
448.547
458.568
462.419
466.554
468.471
474.407
480.393
482.41
484.277
486.261
492.164
494.264
496.148
500.2
504.085
