4.106
6.274
10.158
12.092
18.145
20.012
22.013
24.013
26.114
33.967
35.918
37.935
41.836
45.838
47.839
49.823
51.79
57.809
67.696
69.697
71.531
73.548
77.666
79.484
81.601
85.452
87.586
89.387
91.488
95.356
107.377
121.115
125.067
127.234
131.036
133.086
135.104
137.104
139.139
145.074
146.991
150.976
152.96
154.994
162.831
166.815
168.866
170.817
172.701
176.819
182.604
184.605
190.524
194.609
198.477
202.528
208.48
214.399
218.301
224.37
228.354
238.241
244.26
246.278
250.129
257.999
259.999
262.067
264.034
266.018
270.053
274.004
276.038
279.973
285.842
289.893
295.729
297.813
299.68
301.698
303.715
305.649
307.6
309.701
325.556
327.607
331.542
333.426
337.461
341.312
349.382
355.284
359.169
361.153
363.203
365.271
371.24
375.175
377.092
385.111
392.981
394.898
401.017
402.868
410.771
412.855
414.822
424.676
426.827
438.648
440.515
442.632
446.551
448.485
458.488
462.456
466.508
468.475
474.427
480.379
482.364
484.331
486.182
492.167
494.134
496.069
500.087
504.055
