4.181
6.099
10.05
12.084
18.12
20.037
22.038
24.055
25.923
33.992
36.01
37.86
41.795
45.813
47.864
49.781
51.749
57.651
67.688
69.739
71.656
73.724
77.575
79.609
81.643
85.528
87.479
89.463
91.497
95.398
107.369
121.174
125.276
127.16
131.045
133.045
135.163
137.013
139.148
145.066
147.117
150.919
153.069
154.887
162.89
166.774
168.875
170.759
172.727
176.861
182.664
184.714
190.65
194.635
198.603
202.488
208.44
214.525
218.41
224.412
228.28
238.384
244.136
246.27
250.255
258.058
260.092
262.126
263.96
265.978
269.962
273.88
276.048
279.833
285.952
289.87
295.722
297.756
299.69
301.774
303.741
305.709
307.76
309.677
325.599
327.434
331.502
333.502
337.37
341.422
349.258
355.26
359.345
361.329
363.33
365.164
371.083
375.118
377.035
385.138
393.024
395.042
400.994
402.811
410.864
412.915
414.749
424.653
426.82
438.641
440.508
442.609
446.461
448.495
458.365
462.45
466.385
468.402
474.304
480.373
482.274
484.208
486.175
492.144
494.178
496.062
500.18
504.149
