4.14
6.158
10.226
12.226
17.995
20.063
22.013
24.097
25.998
33.901
35.835
37.869
41.921
45.939
47.773
49.873
51.907
57.843
67.663
69.631
71.648
73.599
77.667
79.484
81.552
85.553
87.52
89.571
91.455
95.39
107.278
121.349
125.134
127.151
131.186
133.22
135.238
137.222
139.173
145.091
147.075
151.06
153.094
154.878
162.814
166.816
168.95
170.951
172.751
176.886
182.722
184.706
190.675
194.709
198.677
202.629
208.464
214.517
218.401
224.454
228.405
238.375
244.261
246.211
250.213
258.066
260.15
262.167
264.068
266.052
270.12
273.955
275.972
279.924
285.926
289.927
295.896
297.747
299.864
301.748
303.716
305.85
307.65
309.684
325.69
327.608
331.576
333.61
337.495
341.529
349.482
355.468
359.353
361.22
363.337
365.238
371.19
375.108
377.209
385.145
393.098
394.965
401.034
402.985
410.905
412.955
414.973
424.893
426.86
438.731
440.615
442.616
446.634
448.702
458.522
462.523
466.541
468.559
474.478
480.397
482.247
484.381
486.249
492.351
494.152
496.186
500.137
504.239
