4.199
6.25
10.034
12.118
18.121
20.121
22.089
24.106
25.923
33.943
35.96
37.911
41.979
45.881
47.898
49.916
51.8
57.768
67.739
69.639
71.69
73.658
77.609
79.643
81.66
85.595
87.563
89.447
91.481
95.449
107.303
121.208
125.243
127.244
131.062
133.213
135.197
137.164
139.165
145.15
147.134
151.086
153.086
154.937
162.857
166.825
168.776
170.86
172.91
176.762
182.647
184.715
190.583
194.685
198.57
202.605
208.473
214.526
218.427
224.346
228.414
238.268
244.336
246.27
250.189
258.125
260.025
262.009
264.127
266.161
270.112
274.047
275.881
279.849
285.935
289.77
295.738
297.789
299.723
301.674
303.691
305.742
307.643
309.71
325.649
327.533
331.535
333.486
337.52
341.455
349.308
355.31
359.295
361.329
363.213
365.164
371.133
375.201
377.235
385.188
393.124
395.091
400.943
402.961
410.797
412.831
414.815
424.819
426.72
438.691
440.741
442.659
446.593
448.627
458.431
462.583
466.501
468.518
474.37
480.272
482.34
484.29
486.208
492.193
494.227
496.178
500.08
504.231
