4.106
6.19
10.175
12.076
18.011
19.995
22.03
23.997
25.948
34.051
35.885
37.969
41.837
45.788
47.789
49.79
51.724
57.676
67.73
69.647
71.715
73.599
77.55
79.618
81.502
85.603
87.571
89.605
91.439
95.39
107.295
121.15
125.235
127.119
131.137
133.054
135.139
137.123
139.207
145.059
147.126
151.028
152.912
155.079
162.949
166.867
168.968
170.752
172.886
176.704
182.723
184.84
190.793
194.761
198.729
202.514
208.449
214.452
218.403
224.505
228.34
238.36
244.279
246.297
250.232
258.201
260.169
262.186
264.187
266.104
269.956
274.04
275.991
279.993
285.962
289.88
295.899
297.849
299.883
301.768
303.852
305.786
307.77
309.687
325.676
327.577
331.645
333.629
337.448
341.466
349.335
355.304
359.306
361.39
363.224
365.191
371.244
375.295
377.296
385.065
393.152
395.019
401.105
403.055
411.025
412.826
414.977
424.88
426.848
438.802
440.736
442.637
446.738
448.639
458.643
462.428
466.579
468.497
474.365
480.351
482.352
484.236
486.42
492.339
494.173
496.324
500.142
504.177
