4.1
6.084
10.102
12.203
18.005
20.073
22.057
24.108
25.958
33.995
35.829
38.013
41.847
45.766
47.866
49.734
51.901
57.837
67.74
69.741
71.642
73.642
77.544
79.628
81.512
85.48
87.581
89.482
91.532
95.35
107.305
121.193
125.228
127.229
131.097
133.148
135.065
137.116
139.1
145.002
147.053
150.904
153.055
154.989
162.959
166.81
168.811
170.862
172.779
176.847
182.649
184.633
190.686
194.604
198.488
202.523
208.609
214.378
218.396
224.281
228.333
238.203
244.289
246.239
250.224
258.16
260.094
262.112
264.129
266.047
269.981
274.066
276
280.018
285.837
289.839
295.908
297.875
299.759
301.793
303.71
305.745
307.762
309.646
325.619
327.603
331.454
333.455
337.473
341.458
349.411
355.38
359.214
361.265
363.316
365.216
371.285
375.22
377.087
385.124
393.043
394.961
400.863
402.947
410.983
412.884
414.951
424.772
426.789
438.577
440.661
442.528
446.646
448.564
458.451
462.552
466.404
468.471
474.473
480.359
482.393
484.277
486.361
492.33
494.114
496.265
500.183
504.201
