4.174
6.242
10.21
12.077
17.996
20.097
22.098
24.065
25.932
33.852
35.886
37.837
41.838
45.856
47.89
49.774
51.758
57.76
67.614
69.631
71.565
73.583
77.668
79.552
81.602
85.437
87.621
89.522
91.423
95.507
107.378
121.233
125.268
127.269
131.137
133.104
135.138
137.206
138.99
145.059
146.993
150.911
153.011
155.029
162.798
166.766
168.917
170.918
172.802
176.853
182.739
184.773
190.725
194.61
198.578
202.613
208.532
214.55
218.502
224.437
228.305
238.176
244.294
246.195
250.147
258.049
260.1
262.184
264.085
266.052
270.12
273.905
275.956
279.874
285.826
289.794
295.88
297.814
299.714
301.815
303.799
305.783
307.601
309.768
325.474
327.474
331.459
333.543
337.478
341.363
349.349
355.418
359.269
361.353
363.354
365.155
371.09
375.192
377.126
384.979
393.015
394.949
400.984
402.835
410.905
412.922
414.856
424.71
426.727
438.731
440.599
442.649
446.534
448.618
458.538
462.44
466.525
468.442
474.377
480.33
482.347
484.381
486.315
492.167
494.201
496.219
500.153
504.105
