4.252
6.236
10.154
12.072
18.04
20.041
22.042
24.093
26.06
33.896
35.88
38.014
41.815
45.784
47.818
49.768
51.836
57.671
67.641
69.559
71.693
73.51
77.495
79.546
81.63
85.581
87.548
89.449
91.4
95.451
107.406
121.294
125.162
127.229
131.147
133.131
135.015
137.116
139
145.119
146.986
151.021
152.872
154.956
162.759
166.86
168.894
170.845
172.779
176.764
182.649
184.583
190.535
194.67
198.538
202.456
208.408
214.527
218.312
224.264
228.382
238.135
244.088
246.188
250.156
257.976
260.043
262.111
263.961
266.012
270.063
273.881
275.949
279.967
285.752
289.854
295.739
297.673
299.724
301.708
303.625
305.626
307.777
309.761
325.517
327.517
331.502
333.436
337.471
341.406
349.308
355.31
359.212
361.279
363.113
365.097
371.116
375.184
377.052
385.088
393.007
394.925
400.877
402.927
410.814
412.898
414.782
424.735
426.686
438.54
440.507
442.642
446.526
448.56
458.381
462.465
466.417
468.334
474.37
480.305
482.189
484.156
486.19
492.259
494.243
496.227
500.212
504.063
