4.227
6.111
10.146
12.147
18.149
19.949
21.983
24.034
26.035
34.005
36.005
37.839
41.941
45.926
47.793
49.777
51.728
57.746
67.767
69.551
71.635
73.619
77.62
79.571
81.488
85.457
87.524
89.558
91.559
95.46
107.348
121.286
125.154
127.155
131.056
133.224
135.108
137.142
139.093
145.028
146.929
151.047
152.948
154.932
162.885
166.803
168.82
170.738
172.838
176.673
182.609
184.643
190.628
194.596
198.514
202.532
208.451
214.337
218.405
224.307
228.392
238.145
244.081
246.065
250.1
258.003
259.937
261.921
264.055
266.039
270.024
273.858
275.959
279.894
285.713
289.681
295.766
297.617
299.768
301.669
303.536
305.67
307.571
309.488
325.394
327.461
331.496
333.413
337.348
341.3
349.286
355.255
359.173
361.257
363.208
365.225
371.094
375.112
376.979
385.066
392.818
394.936
400.771
402.739
410.808
412.659
414.793
424.73
426.631
438.568
440.552
442.47
446.404
448.389
458.326
462.227
466.312
468.229
474.298
480.283
482.134
484.102
486.069
492.004
494.072
496.156
500.007
503.925
