4.261
6.261
10.163
12.197
18.066
20.116
22.134
24.018
25.935
33.955
35.956
37.94
41.874
45.892
47.76
49.811
51.695
57.847
67.567
69.751
71.685
73.669
77.654
79.538
81.539
85.457
87.424
89.592
91.576
95.477
107.448
121.153
125.254
127.155
131.223
133.057
135.108
137.175
139.026
144.995
146.946
151.014
152.931
155.015
162.868
166.936
168.803
170.804
172.705
176.756
182.808
184.759
190.695
194.513
198.581
202.599
208.418
214.353
218.321
224.373
228.391
238.245
244.147
246.248
250.083
258.069
259.97
261.987
263.921
266.088
270.04
273.875
275.875
279.943
285.862
289.747
295.766
297.816
299.65
301.785
303.719
305.736
307.687
309.621
325.526
327.394
331.379
333.346
337.381
341.466
349.268
355.337
359.239
361.139
363.257
365.174
371.06
375.128
376.995
384.948
392.901
394.935
400.854
402.888
410.807
412.741
414.859
424.679
426.58
438.651
440.618
442.452
446.437
448.604
458.358
462.459
466.277
468.428
474.297
480.182
482.2
484.134
486.168
492.12
494.121
496.105
500.106
504.074
