4.088
6.072
10.19
12.057
18.11
20.11
21.961
23.979
25.913
33.966
36.017
37.834
41.986
45.92
47.821
49.872
51.856
57.808
67.745
69.679
71.68
73.564
77.566
79.583
81.517
85.435
87.503
89.437
91.504
95.423
107.36
121.199
125.317
127.235
131.086
133.054
135.138
137.022
139.006
145.125
147.042
151.01
152.895
154.945
162.865
166.783
168.851
170.868
172.702
176.687
182.756
184.807
190.592
194.61
198.512
202.63
208.566
214.551
218.52
224.388
228.29
238.327
244.279
246.247
250.082
258.101
260.119
262.17
264.17
266.121
270.023
273.907
275.991
279.926
285.912
289.864
295.699
297.683
299.867
301.818
303.802
305.669
307.704
309.704
325.494
327.561
331.413
333.513
337.548
341.35
349.319
355.388
359.34
361.157
363.308
365.159
371.245
375.196
377.097
385.15
392.953
394.92
400.989
402.973
410.893
412.927
414.844
424.648
426.766
438.637
440.538
442.605
446.557
448.474
458.378
462.479
466.481
468.348
474.434
480.386
482.27
484.304
486.222
492.224
494.125
496.259
500.127
504.212
