4.273
6.124
10.142
12.16
18.012
20.079
22.147
23.981
25.965
33.851
35.852
38.003
41.821
45.772
47.906
49.79
51.824
57.81
67.647
69.614
71.699
73.683
77.501
79.518
81.636
85.52
87.588
89.589
91.473
95.357
107.429
121.2
125.302
127.236
131.221
133.188
135.106
137.023
139.157
145.126
147.01
150.978
153.046
154.913
162.783
166.817
168.885
170.902
172.87
176.754
182.69
184.741
190.693
194.578
198.529
202.581
208.55
214.485
218.353
224.306
228.257
238.194
244.213
246.097
250.065
258.052
260.102
262.17
264.07
266.038
270.073
274.024
276.042
279.893
285.945
289.897
295.782
297.666
299.8
301.668
303.802
305.786
307.753
309.571
325.593
327.528
331.579
333.53
337.365
341.516
349.436
355.371
359.173
361.207
363.308
365.275
371.177
375.095
377.063
384.966
393.019
394.936
400.888
402.906
410.825
412.943
414.793
424.714
426.748
438.569
440.57
442.504
446.639
448.639
458.376
462.395
466.379
468.38
474.249
480.335
482.352
484.319
486.287
492.106
494.273
496.141
500.175
504.16
