4.093
6.26
10.128
12.112
18.031
20.098
22.149
24.117
25.951
33.97
36.004
38.005
41.973
45.908
47.842
49.876
51.843
57.679
67.682
69.683
71.667
73.651
77.669
79.67
81.454
85.489
87.556
89.54
91.407
95.426
107.363
121.185
125.17
127.12
131.138
133.072
135.207
137.107
139.125
145.127
146.994
150.962
152.88
155.047
162.983
166.901
168.769
170.903
172.903
176.672
182.707
184.641
190.593
194.711
198.529
202.648
208.6
214.385
218.487
224.472
228.34
238.21
244.229
246.23
250.081
258.067
260.118
261.986
264.12
265.987
269.988
273.923
275.857
279.892
285.944
289.896
295.781
297.865
299.649
301.817
303.667
305.685
307.635
309.603
325.558
327.543
331.444
333.511
337.546
341.364
349.384
355.336
359.354
361.171
363.272
365.289
371.258
375.076
377.094
384.98
392.999
394.967
400.969
402.836
410.823
412.823
414.757
424.828
426.828
438.633
440.55
442.651
446.652
448.536
458.54
462.374
466.343
468.377
474.429
480.231
482.298
484.366
486.2
492.269
494.103
496.17
500.221
504.173
