4.257
6.224
10.059
12.177
17.979
19.963
22.097
24.014
26.115
34.034
35.968
37.869
41.921
45.922
47.773
49.757
51.724
57.76
67.713
69.597
71.715
73.565
77.65
79.551
81.602
85.62
87.604
89.488
91.439
95.473
107.328
121.233
125.151
127.218
131.12
133.187
135.221
137.139
139.073
145.041
147.125
150.91
152.928
154.862
162.915
166.883
168.95
170.867
172.901
176.786
182.838
184.672
190.775
194.559
198.527
202.512
208.498
214.483
218.551
224.387
228.472
238.242
244.277
246.195
250.113
258.099
260.033
262.1
264.085
266.085
270.103
274.021
275.906
279.974
285.959
289.961
295.796
297.797
299.731
301.865
303.649
305.8
307.734
309.751
325.64
327.641
331.476
333.51
337.511
341.346
349.466
355.334
359.369
361.37
363.221
365.171
371.223
375.208
377.126
385.112
393.015
395.115
401.034
403.002
410.988
412.788
414.873
424.709
426.66
438.698
440.649
442.599
446.567
448.535
458.555
462.573
466.441
468.459
474.461
480.346
482.33
484.248
486.365
492.284
494.235
496.202
500.07
504.138
