4.183
6.25
10.068
12.152
18.121
19.972
22.039
24.057
26.091
33.877
35.961
37.978
41.813
45.848
47.915
49.899
51.717
57.769
67.639
69.573
71.574
73.641
77.626
79.61
81.511
85.429
87.496
89.48
91.481
95.483
107.304
121.175
125.093
127.094
131.229
133.113
135.114
137.098
139.048
145.101
146.968
151.036
153.003
154.971
162.807
166.842
168.776
170.827
172.827
176.645
182.748
184.765
190.717
194.702
198.62
202.505
208.574
214.509
218.411
224.429
228.431
238.318
244.22
246.287
250.055
258.175
260.176
262.11
264.094
265.928
270.063
273.914
275.965
279.883
285.902
289.92
295.772
297.839
299.84
301.691
303.825
305.692
307.726
309.727
325.55
327.484
331.535
333.502
337.421
341.322
349.392
355.294
359.329
361.263
363.147
365.214
371.25
375.084
377.202
385.021
392.941
394.958
400.977
402.928
410.847
412.948
414.865
424.836
426.67
438.541
440.625
442.525
446.494
448.594
458.531
462.499
466.484
468.368
474.42
480.389
482.207
484.374
486.208
492.16
494.161
496.278
500.063
504.115
