4.101
6.118
10.237
12.104
17.973
20.124
22.041
24.125
26.026
33.879
36.013
37.93
41.831
45.849
47.834
49.918
51.868
57.654
67.624
69.741
71.575
73.626
77.528
79.528
81.596
85.53
87.548
89.465
91.483
95.367
107.305
121.21
125.128
127.279
131.147
133.081
135.198
137.199
139.133
145.035
146.969
150.904
153.055
154.972
162.775
166.927
168.827
170.878
172.779
176.647
182.666
184.666
190.735
194.553
198.655
202.456
208.458
214.327
218.495
224.314
228.249
238.169
244.204
246.255
250.223
258.143
260.043
262.111
263.962
265.929
269.997
273.848
275.933
279.884
285.919
289.838
295.69
297.774
299.724
301.608
303.626
305.643
307.627
309.595
325.6
327.468
331.369
333.387
337.405
341.389
349.392
355.211
359.213
361.197
363.214
365.115
371.05
375.168
377.102
385.039
392.941
394.975
400.994
402.878
410.748
412.732
414.833
424.703
426.704
438.625
440.642
442.676
446.494
448.545
458.365
462.416
466.468
468.402
474.221
480.206
482.307
484.224
486.242
492.261
494.111
496.079
500.013
504.015
