4.157
6.258
10.21
12.21
18.179
20.063
22.097
24.098
26.032
33.918
35.885
37.886
41.954
45.756
47.823
49.774
51.808
57.677
67.63
69.714
71.648
73.632
77.534
79.484
81.518
85.57
87.521
89.405
91.472
95.407
107.361
121.216
125.151
127.151
131.186
133.154
135.038
137.172
139.156
145.075
147.075
150.927
153.027
154.911
162.864
166.949
168.716
170.884
172.818
176.669
182.755
184.689
190.674
194.709
198.61
202.495
208.464
214.449
218.318
224.286
228.438
238.325
244.093
246.094
250.096
258.115
260.032
262.017
263.917
265.985
269.953
273.837
275.838
279.94
285.875
289.71
295.645
297.646
299.747
301.664
303.648
305.716
307.716
309.617
325.506
327.373
331.391
333.475
337.294
341.278
349.298
355.333
359.168
361.302
363.219
365.254
371.189
374.99
377.174
385.044
392.88
395.031
400.9
402.817
410.737
412.687
414.771
424.658
426.626
438.613
440.514
442.598
446.433
448.517
458.42
462.455
466.423
468.257
474.176
480.145
482.162
484.23
486.147
492.216
494.216
496.134
500.152
503.937
