4.236
6.153
10.071
12.155
18.007
20.025
22.109
24.043
26.01
33.997
35.997
37.998
41.933
45.934
47.818
49.819
51.903
57.822
67.759
69.676
71.644
73.728
77.579
79.513
81.597
85.632
87.483
89.517
91.451
95.352
107.39
121.279
125.313
127.281
131.082
133.2
135.217
137.218
139.119
145.121
146.938
150.923
152.89
155.024
162.977
166.812
168.896
170.797
172.931
176.849
182.685
184.835
190.704
194.589
198.524
202.559
208.511
214.496
218.531
224.317
228.318
238.372
244.324
246.158
250.159
258.162
260.213
262.047
263.998
266.132
269.967
273.985
275.936
279.937
286.006
289.807
295.893
297.76
299.761
301.778
303.779
305.68
307.814
309.681
325.604
327.505
331.439
333.59
337.375
341.543
349.413
355.381
359.35
361.3
363.301
365.302
371.271
375.272
377.139
385.109
393.129
395.113
400.948
402.949
410.952
412.903
414.753
424.79
426.691
438.595
440.596
442.614
446.548
448.649
458.569
462.421
466.456
468.34
474.375
480.411
482.278
484.279
486.346
492.265
494.116
496.183
500.235
504.136
