4.292
6.126
10.144
12.111
18.114
20.014
22.115
23.932
25.916
33.869
35.87
38.004
41.872
45.891
47.741
49.909
51.776
57.695
67.699
69.566
71.6
73.668
77.602
79.637
81.621
85.622
87.623
89.44
91.458
95.509
107.264
121.219
125.287
127.138
131.272
133.073
135.107
137.158
139.092
145.128
147.128
150.963
153.064
154.898
162.818
166.952
168.753
170.754
172.838
176.673
182.692
184.692
190.711
194.646
198.564
202.549
208.501
214.454
218.522
224.307
228.259
238.262
244.165
246.232
250.084
258.153
260.037
262.138
264.089
265.956
269.958
273.892
275.96
279.861
285.764
289.732
295.817
297.835
299.669
301.753
303.72
305.704
307.655
309.706
325.445
327.496
331.481
333.531
337.366
341.318
349.387
355.356
359.308
361.275
363.309
365.293
371.162
375.23
377.064
385.134
393.07
395.054
400.907
402.807
410.86
412.878
414.895
424.649
426.716
438.537
440.688
442.672
446.64
448.524
458.411
462.413
466.398
468.332
474.434
480.386
482.287
484.171
486.272
492.207
494.191
496.125
500.094
504.195
