4.119
6.236
10.054
12.205
17.974
19.958
21.942
23.943
26.027
33.93
36.014
37.932
41.816
45.818
47.735
49.769
51.737
57.672
67.626
69.577
71.544
73.628
77.63
79.531
81.598
85.5
87.55
89.468
91.519
95.387
107.375
121.146
125.281
127.149
131.067
133.068
135.185
137.069
139.07
145.005
147.039
151.008
152.875
154.892
162.862
166.797
168.814
170.848
172.899
176.784
182.77
184.62
190.656
194.691
198.542
202.494
208.463
214.482
218.333
224.402
228.42
238.241
244.293
246.194
250.245
258.181
259.982
262.133
264.117
266.118
270.036
273.887
276.038
279.84
285.859
289.81
295.712
297.813
299.664
301.815
303.815
305.749
307.667
309.634
325.624
327.608
331.426
333.426
337.511
341.513
349.299
355.351
359.353
361.237
363.304
365.305
371.124
375.159
377.043
385.146
392.982
394.866
400.885
402.886
410.906
412.79
414.707
424.694
426.778
438.616
440.7
442.568
446.553
448.587
458.457
462.375
466.36
468.294
474.413
480.332
482.233
484.267
486.251
492.22
494.07
496.105
500.106
504.191
