4.121
6.222
10.106
12.09
18.059
20.11
22.044
24.011
26.029
34.048
35.983
38
41.968
45.836
47.787
49.771
51.705
57.79
67.711
69.761
71.579
73.713
77.531
79.548
81.599
85.534
87.468
89.535
91.403
95.454
107.275
121.18
125.198
127.166
131.267
133.118
135.152
137.219
139.087
145.039
146.973
151.024
153.059
155.026
162.879
166.864
168.964
170.898
172.766
176.784
182.669
184.653
190.739
194.757
198.658
202.51
208.495
214.414
218.366
224.401
228.319
238.273
244.325
246.292
250.111
258.247
260.181
262.182
264.066
266.066
269.951
274.019
275.97
279.905
285.924
289.808
295.777
297.728
299.729
301.829
303.847
305.814
307.665
309.782
325.571
327.589
331.49
333.441
337.492
341.41
349.33
355.416
359.334
361.234
363.385
365.236
371.271
375.273
377.14
385.093
393.129
394.963
400.899
402.916
410.936
412.87
414.821
424.908
426.692
438.679
440.597
442.731
446.649
448.65
458.52
462.588
466.556
468.423
474.492
480.361
482.345
484.379
486.33
492.182
494.283
496.184
500.202
504.27
