4.271
6.205
10.09
12.174
18.126
20.077
22.144
23.928
25.946
33.966
35.9
37.984
41.818
45.937
47.937
49.805
51.772
57.758
67.595
69.612
71.646
73.58
77.515
79.649
81.65
85.585
87.619
89.486
91.537
95.438
107.376
121.165
125.149
127.217
131.252
133.219
135.17
137.054
139.188
145.023
146.957
151.092
153.06
154.944
162.963
166.965
168.899
170.916
172.75
176.768
182.737
184.655
190.774
194.675
198.71
202.561
208.547
214.499
218.517
224.303
228.288
238.241
244.127
246.194
250.129
258.199
260.133
262.083
264.151
266.102
269.92
274.038
275.922
280.007
285.992
289.944
295.863
297.813
299.681
301.748
303.816
305.783
307.684
309.768
325.524
327.458
331.459
333.527
337.395
341.413
349.483
355.285
359.336
361.354
363.271
365.238
371.274
375.075
377.176
385.096
393.115
395.033
400.968
402.852
410.805
412.773
414.857
424.71
426.845
438.599
440.55
442.65
446.502
448.553
458.406
462.491
466.426
468.377
474.329
480.331
482.232
484.232
486.233
492.135
494.236
496.187
500.272
504.04
