4.13
6.181
10.082
12.116
18.052
20.019
22.037
23.971
26.021
33.908
35.958
37.992
41.977
45.762
47.813
49.813
51.747
57.75
67.586
69.554
71.688
73.522
77.507
79.507
81.608
85.51
87.427
89.444
91.412
95.513
107.217
121.306
125.124
127.175
131.209
133.093
135.077
136.995
139.029
144.898
147.082
151.033
152.834
154.918
162.938
166.789
168.89
170.724
172.824
176.642
182.695
184.629
190.564
194.666
198.567
202.619
208.554
214.423
218.458
224.41
228.361
238.148
244.133
246.251
250.169
258.105
260.073
261.957
264.024
265.975
270.009
273.961
275.928
279.93
285.732
289.817
295.735
297.736
299.804
301.638
303.738
305.589
307.74
309.624
325.513
327.447
331.365
333.482
337.4
341.285
349.355
355.157
359.175
361.192
363.243
365.094
371.113
375.147
377.015
384.934
392.987
394.955
400.79
402.974
410.727
412.811
414.795
424.765
426.783
438.587
440.604
442.605
446.623
448.457
458.494
462.295
466.364
468.314
474.25
480.185
482.253
484.187
486.171
492.123
494.107
496.141
500.192
504.161
