4.16
6.261
10.062
12.03
18.065
20.099
22.1
23.917
26.102
33.938
35.839
37.839
41.857
45.942
47.726
49.794
51.894
57.847
67.617
69.668
71.535
73.702
77.637
79.571
81.489
85.473
87.608
89.492
91.559
95.51
107.365
121.237
125.255
127.122
131.09
133.041
135.125
137.126
139.077
144.979
147.013
150.964
152.998
155.032
162.952
166.853
168.837
170.888
172.856
176.807
182.809
184.627
190.562
194.647
198.532
202.467
208.502
214.454
218.389
224.358
228.343
238.33
244.299
246.149
250.234
258.087
260.154
262.105
263.972
266.123
269.975
274.01
275.927
279.978
285.981
289.949
295.884
297.685
299.702
301.786
303.77
305.705
307.639
309.773
325.528
327.463
331.597
333.431
337.433
341.451
349.254
355.356
359.291
361.225
363.126
365.21
371.179
375.163
377.031
385.067
393.053
394.887
400.806
402.874
410.743
412.844
414.745
424.648
426.699
438.687
440.688
442.672
446.623
448.524
458.461
462.446
466.297
468.414
474.417
480.319
482.353
484.137
486.304
492.273
494.174
496.158
500.009
504.061
