4.088
6.205
10.074
12.041
18.076
20.077
22.061
23.995
25.946
33.899
35.933
37.967
41.802
45.903
47.837
49.855
51.822
57.691
67.744
69.628
71.579
73.73
77.531
79.499
81.466
85.634
87.518
89.402
91.536
95.421
107.375
121.147
125.215
127.199
131.067
133.218
135.035
137.086
139.07
144.989
147.056
151.058
152.908
154.842
162.895
166.847
168.814
170.815
172.699
176.817
182.652
184.62
190.539
194.623
198.508
202.426
208.378
214.531
218.499
224.284
228.302
238.273
244.225
246.225
250.21
258.096
260.164
262.014
264.015
266.016
270.001
274.052
275.953
279.837
285.806
289.924
295.86
297.794
299.778
301.679
303.713
305.73
307.597
309.732
325.521
327.505
331.539
333.373
337.442
341.476
349.263
355.331
359.233
361.217
363.168
365.185
371.27
375.222
377.123
385.075
392.995
395.046
400.831
402.999
410.851
412.819
414.903
424.673
426.79
438.728
440.645
442.563
446.664
448.532
458.435
462.353
466.388
468.289
474.258
480.276
482.294
484.328
486.345
492.147
494.198
496.232
500.034
504.068
