4.283
6.2
10.235
12.219
17.988
20.138
21.972
24.006
25.924
33.993
36.011
37.945
41.796
45.798
47.748
49.783
51.817
57.802
67.706
69.706
71.64
73.658
77.576
79.477
81.611
85.546
87.546
89.464
91.481
95.399
107.303
121.309
125.127
127.211
131.212
133.196
135.03
137.081
139.065
145.084
146.951
151.053
152.937
155.021
162.94
166.875
168.926
170.76
172.844
176.845
182.681
184.798
190.717
194.685
198.703
202.588
208.474
214.459
218.361
224.329
228.314
238.218
244.187
246.137
250.155
258.225
260.159
262.06
264.144
266.061
270.146
273.914
276.065
280
285.935
289.853
295.872
297.923
299.907
301.758
303.692
305.792
307.71
309.627
325.666
327.684
331.602
333.619
337.554
341.539
349.508
355.327
359.262
361.346
363.413
365.281
371.249
375.268
377.285
385.171
393.157
395.108
400.944
403.028
410.897
413.015
414.932
424.869
426.87
438.791
440.658
442.609
446.744
448.628
458.581
462.483
466.434
468.502
474.47
480.323
482.423
484.407
486.258
492.21
494.311
496.162
500.213
504.148
