4.144
6.228
10.213
12.113
18.082
20.149
22.05
24.018
26.002
33.954
36.039
37.823
41.791
45.775
47.876
49.81
51.794
57.696
67.617
69.684
71.685
73.586
77.687
79.571
81.605
85.523
87.541
89.508
91.392
95.343
107.281
121.32
125.288
127.272
131.123
133.057
135.091
137.042
139.059
145.045
147.112
150.88
152.914
154.999
162.885
166.836
168.77
170.854
172.722
176.673
182.692
184.726
190.628
194.613
198.498
202.532
208.585
214.403
218.505
224.29
228.275
238.195
244.231
246.215
250.166
258.003
260.07
262.004
263.988
266.006
269.94
273.958
275.926
279.911
285.896
289.881
295.816
297.834
299.684
301.852
303.669
305.72
307.754
309.588
325.511
327.461
331.563
333.563
337.548
341.433
349.419
355.371
359.356
361.34
363.208
365.192
371.11
375.262
377.163
385.166
393.068
394.936
400.971
403.005
410.925
412.859
414.793
424.763
426.664
438.668
440.569
442.637
446.588
448.655
458.459
462.444
466.328
468.412
474.348
480.267
482.318
484.368
486.186
492.221
494.305
496.289
500.091
504.159
