4.12
6.171
10.156
12.073
18.142
20.143
22.043
23.944
26.011
33.998
35.932
37.966
41.967
45.802
47.752
49.736
51.704
57.673
67.66
69.594
71.578
73.695
77.63
79.497
81.598
85.433
87.4
89.484
91.568
95.47
107.307
121.229
125.097
127.148
131.099
133.183
135.134
137.018
139.019
145.104
147.038
150.839
152.84
154.991
162.91
166.795
168.713
170.697
172.831
176.832
182.718
184.618
190.67
194.538
198.64
202.441
208.427
214.429
218.397
224.282
228.184
238.104
244.056
246.057
250.192
257.945
260.062
261.913
263.93
265.931
269.982
273.967
275.884
279.919
285.838
289.723
295.742
297.609
299.576
301.56
303.711
305.562
307.679
309.563
325.435
327.386
331.488
333.438
337.306
341.441
349.261
355.263
359.281
361.215
363.082
365.066
371.152
375.17
376.971
385.09
392.91
394.944
400.946
402.78
410.749
412.7
414.651
424.621
426.755
438.476
440.443
442.528
446.462
448.53
458.45
462.268
466.386
468.237
474.356
480.191
482.092
484.193
486.193
492.012
494.196
496.08
500.015
504.066
