4.102
6.136
10.104
12.038
18.124
19.941
21.992
23.976
25.944
33.947
35.931
37.832
41.766
45.751
47.769
49.819
51.787
57.722
67.576
69.627
71.711
73.662
77.647
79.498
81.548
85.583
87.45
89.418
91.435
95.404
107.225
121.147
125.098
127.182
131.167
133.168
135.085
137.086
139.154
145.022
147.023
150.875
152.909
154.86
162.879
166.931
168.848
170.832
172.85
176.735
182.603
184.754
190.556
194.675
198.526
202.644
208.547
214.532
218.317
224.336
228.371
238.141
244.16
246.111
250.129
258.066
260
262.05
264.018
265.952
269.92
274.022
275.922
279.807
285.843
289.778
295.797
297.664
299.731
301.632
303.733
305.6
307.668
309.735
325.558
327.609
331.56
333.544
337.513
341.447
349.3
355.236
359.371
361.322
363.322
365.273
371.075
375.227
377.111
385.131
392.917
394.951
401.003
402.888
410.757
412.841
414.792
424.779
426.647
438.618
440.552
442.653
446.571
448.572
458.559
462.394
466.462
468.329
474.348
480.25
482.268
484.319
486.153
492.155
494.272
496.223
500.175
504.176
