4.106
6.173
10.058
12.058
18.061
20.161
22.045
24.079
25.947
33.883
36.017
37.934
41.869
45.837
47.821
49.805
51.723
57.858
67.695
69.629
71.647
73.581
77.699
79.666
81.567
85.452
87.519
89.52
91.537
95.472
107.426
121.298
125.132
127.133
131.235
133.135
135.186
137.187
139.171
144.94
146.907
150.908
152.892
154.927
162.929
166.764
168.898
170.749
172.8
176.668
182.77
184.571
190.689
194.691
198.509
202.544
208.562
214.381
218.399
224.368
228.353
238.156
244.175
246.109
250.244
257.997
259.964
262.098
263.949
265.933
269.868
273.936
275.853
279.888
285.94
289.708
295.811
297.845
299.679
301.813
303.713
305.781
307.581
309.649
325.621
327.605
331.507
333.374
337.309
341.377
349.313
355.199
359.167
361.284
363.285
365.069
371.038
375.072
377.09
384.959
392.912
394.896
400.815
402.799
410.902
412.819
414.853
424.657
426.708
438.495
440.446
442.58
446.565
448.516
458.436
462.32
466.322
468.356
474.275
480.277
482.311
484.262
486.112
492.031
494.082
496.116
500.051
503.935
