4.095
6.229
10.047
12.048
18.033
20.151
22.085
24.019
26.02
33.872
36.023
37.957
41.809
45.927
47.844
49.912
51.779
57.648
67.718
69.735
71.536
73.62
77.505
79.655
81.473
85.424
87.592
89.592
91.426
95.461
107.315
121.22
125.188
127.156
131.174
133.075
135.109
137.076
139.077
145.012
146.929
151.064
153.065
154.849
162.785
166.787
168.921
170.721
172.839
176.841
182.742
184.81
190.695
194.613
198.531
202.599
208.601
214.387
218.505
224.407
228.375
238.212
244.181
246.265
250.2
258.052
260.086
262.004
264.121
265.972
270.023
274.008
275.992
279.827
285.979
289.78
295.766
297.883
299.734
301.701
303.702
305.736
307.637
309.654
325.643
327.444
331.512
333.563
337.331
341.432
349.252
355.204
359.155
361.273
363.29
365.124
371.109
375.161
377.178
385.048
392.934
394.885
400.803
402.954
410.907
412.891
414.692
424.712
426.646
438.5
440.684
442.602
446.486
448.487
458.374
462.409
466.443
468.294
474.213
480.248
482.299
484.333
486.117
492.119
494.17
496.037
500.089
504.023
