4.239
6.108
10.078
12.014
18.07
19.972
21.94
23.892
25.844
33.802
35.855
37.69
41.777
45.664
47.566
49.568
51.504
57.46
67.437
69.288
71.424
73.276
77.163
79.165
81.151
85.121
87.04
89.159
91.044
95.015
107.01
120.707
124.795
126.68
130.684
132.619
134.571
136.557
138.459
144.582
146.484
150.504
152.356
154.392
162.35
166.287
168.256
170.124
172.026
176.13
181.953
184.038
189.944
193.848
197.736
201.806
207.662
213.585
217.522
223.495
227.533
237.526
243.415
245.367
249.371
257.163
259.215
261.083
263.069
264.987
268.991
272.912
275.064
278.818
284.824
288.745
294.801
296.82
298.688
300.707
302.559
304.628
306.63
308.632
324.381
326.35
330.27
332.289
336.16
340.164
348.022
354.078
357.948
359.917
361.969
363.904
369.894
373.781
375.85
383.691
391.566
393.635
399.457
401.526
409.534
411.403
413.438
423.265
425.3
437.229
439.047
441.016
445.053
446.905
456.982
460.92
464.84
466.842
472.732
478.771
480.573
482.575
484.494
490.516
492.502
494.387
498.424
502.428
