4.275
6.159
10.21
12.211
18.163
20.047
21.964
24.032
25.949
33.852
35.903
37.987
41.822
45.923
47.741
49.775
51.759
57.694
67.564
69.649
71.733
73.617
77.601
79.552
81.603
85.621
87.572
89.539
91.573
95.341
107.296
121.301
125.202
127.186
131.054
133.122
135.173
137.14
139.141
145.11
147.027
150.995
152.846
154.98
162.783
166.934
168.885
170.786
172.803
176.805
182.673
184.674
190.626
194.661
198.546
202.464
208.6
214.468
218.42
224.422
228.273
238.36
244.146
246.163
250.181
258.018
260.018
262.102
264.153
266.137
270.022
273.973
275.857
279.976
285.894
289.913
295.865
297.882
299.816
301.817
303.668
305.635
307.586
309.72
325.609
327.626
331.561
333.395
337.463
341.498
349.418
355.303
359.321
361.189
363.256
365.274
371.176
375.06
377.161
384.981
393.084
395.018
401.003
403.004
410.924
412.808
414.775
424.645
426.679
438.734
440.685
442.552
446.637
448.554
458.408
462.459
466.444
468.395
474.414
480.349
482.3
484.217
486.151
492.17
494.254
496.222
500.04
504.058
