4.196
6.08
10.082
12.116
18.168
20.085
22.036
23.97
25.987
33.907
35.924
37.792
41.843
45.761
47.879
49.729
51.864
57.632
67.719
69.57
71.604
73.621
77.623
79.474
81.558
85.542
87.527
89.394
91.495
95.513
107.234
121.122
125.157
127.174
131.126
133.01
135.061
137.045
138.929
145.031
146.915
150.833
152.967
154.868
162.887
166.772
168.723
170.673
172.641
176.792
182.594
184.595
190.681
194.499
198.567
202.535
208.471
214.339
218.424
224.293
228.211
238.215
244.15
246.084
250.152
258.072
260.073
261.907
263.941
265.975
269.993
273.811
275.928
279.847
285.799
289.817
295.802
297.786
299.687
301.771
303.722
305.739
307.54
309.691
325.513
327.531
331.432
333.433
337.301
341.419
349.339
355.257
359.159
361.31
363.277
365.078
371.163
375.031
377.182
385.102
392.988
394.872
400.991
402.975
410.794
412.728
414.679
424.766
426.583
438.571
440.472
442.556
446.457
448.525
458.428
462.346
466.398
468.248
474.334
480.353
482.22
484.138
486.105
492.057
494.191
496.142
500.177
503.945
