4.114
6.248
10.066
12.034
18.053
20.087
22.054
24.071
25.939
33.992
35.992
37.877
41.845
45.796
47.747
49.814
51.798
57.851
67.771
69.605
71.622
73.706
77.641
79.609
81.476
85.427
87.578
89.496
91.396
95.348
107.285
121.274
125.259
127.093
131.161
133.045
135.146
136.996
138.997
144.999
147.067
150.918
153.069
154.903
162.856
166.841
168.858
170.842
172.793
176.811
182.646
184.597
190.599
194.618
198.586
202.57
208.606
214.475
218.426
224.412
228.363
238.267
244.286
246.087
250.238
258.041
260.142
261.942
263.96
265.927
269.962
273.88
275.964
279.949
285.884
289.703
295.721
297.772
299.623
301.607
303.658
305.675
307.576
309.727
325.532
327.45
331.535
333.369
337.337
341.405
349.208
355.327
359.245
361.112
363.18
365.197
371.032
375.101
376.985
385.071
392.857
394.891
400.86
402.911
410.78
412.831
414.799
424.702
426.67
438.574
440.491
442.509
446.444
448.594
458.498
462.416
466.334
468.302
474.254
480.189
482.223
484.291
486.158
492.127
494.228
496.045
500.097
504.065
