4.23
6.164
10.115
12.166
17.985
20.002
22.003
24.121
25.905
33.957
36.008
38.009
41.96
45.878
47.879
49.763
51.697
57.733
67.753
69.737
71.738
73.522
77.59
79.491
81.608
85.493
87.544
89.528
91.512
95.513
107.334
121.189
125.191
127.075
131.076
133.06
135.078
137.112
138.962
145.115
146.965
151.033
152.867
155.035
162.921
166.839
168.823
170.857
172.725
176.793
182.762
184.779
190.698
194.666
198.534
202.519
208.571
214.356
218.508
224.46
228.395
238.215
244.217
246.118
250.22
257.989
260.073
262.141
264.091
265.975
270.06
273.978
275.962
279.847
285.882
289.767
295.853
297.803
299.771
301.738
303.706
305.723
307.624
309.724
325.564
327.481
331.449
333.416
337.351
341.419
349.456
355.291
359.343
361.343
363.344
365.261
371.23
375.048
377.166
385.019
393.055
394.972
400.858
402.908
410.928
412.745
414.863
424.666
426.684
438.738
440.706
442.673
446.674
448.575
458.545
462.413
466.398
468.466
474.251
480.27
482.321
484.321
486.272
492.108
494.075
496.242
500.177
504.079
