4.216
6.083
10.101
12.085
18.104
20.022
22.039
23.957
25.941
33.877
36.011
37.878
41.863
45.848
47.816
49.85
51.884
57.653
67.64
69.724
71.541
73.642
77.66
79.544
81.628
85.597
87.531
89.582
91.482
95.384
107.255
121.26
125.278
127.113
131.231
133.031
135.182
137.083
139.05
145.019
147.003
150.922
152.956
154.923
162.843
166.861
168.828
170.829
172.863
176.781
182.75
184.618
190.57
194.622
198.673
202.508
208.46
214.513
218.314
224.35
228.334
238.205
244.14
246.225
250.159
258.012
259.98
262.031
263.981
265.915
270.034
274.035
275.819
279.954
285.89
289.875
295.66
297.678
299.612
301.696
303.713
305.747
307.698
309.682
325.572
327.389
331.49
333.475
337.459
341.294
349.264
355.216
359.184
361.135
363.219
365.087
371.139
375.174
377.108
384.927
392.914
394.931
400.8
402.784
410.687
412.855
414.722
424.693
426.577
438.665
440.465
442.633
446.401
448.518
458.406
462.357
466.392
468.393
474.212
480.331
482.115
484.165
486.199
492.052
494.136
496.153
499.988
504.073
