4.278
6.229
10.03
12.048
18.05
19.967
21.968
24.119
25.92
34.039
35.89
37.974
41.892
45.827
47.794
49.762
51.763
57.665
67.702
69.653
71.67
73.537
77.656
79.556
81.557
85.592
87.426
89.593
91.511
95.362
107.267
121.189
125.14
127.107
131.076
133.243
135.194
137.128
139.012
145.014
146.931
150.95
152.984
154.984
162.804
166.856
168.89
170.757
172.724
176.826
182.762
184.779
190.564
194.716
198.684
202.486
208.604
214.54
218.492
224.41
228.245
238.332
244.168
246.252
250.07
258.173
260.007
262.141
263.975
266.009
270.011
273.929
275.996
279.981
285.867
289.885
295.754
297.688
299.638
301.623
303.74
305.641
307.641
309.742
325.632
327.416
331.45
333.518
337.353
341.304
349.39
355.309
359.161
361.312
363.329
365.196
371.149
375.233
377.151
385.154
392.89
395.024
400.826
402.91
410.797
412.847
414.748
424.802
426.636
438.524
440.541
442.492
446.46
448.461
458.448
462.399
466.351
468.401
474.42
480.389
482.19
484.224
486.275
492.21
494.211
496.262
500.213
504.115
