4.262
6.129
10.214
12.215
18.034
19.951
22.118
24.119
26.07
33.973
35.84
37.907
41.792
45.894
47.911
49.762
51.863
57.648
67.635
69.669
71.703
73.537
77.555
79.523
81.64
85.541
87.542
89.493
91.477
95.478
107.333
121.154
125.289
127.107
131.208
133.109
135.176
137.027
138.994
145.063
147.047
150.949
152.916
155.033
162.886
166.871
168.888
170.889
172.756
176.808
182.76
184.777
190.763
194.631
198.566
202.667
208.503
214.588
218.456
224.409
228.327
238.397
244.266
246.333
250.135
258.121
260.205
262.056
264.056
266.124
270.025
273.96
275.944
280.029
285.948
289.849
295.735
297.802
299.719
301.77
303.704
305.672
307.639
309.773
325.662
327.613
331.514
333.482
337.45
341.401
349.504
355.356
359.291
361.225
363.359
365.21
371.162
375.13
377.231
385.167
393.053
394.987
400.906
402.924
410.81
412.91
414.778
424.815
426.766
438.787
440.637
442.738
446.706
448.657
458.577
462.595
466.413
468.464
474.333
480.285
482.352
484.236
486.337
492.356
494.157
496.291
500.226
504.244
