4.173
6.107
10.242
12.142
18.111
20.079
22.129
24.063
26.014
33.9
36.034
38.002
41.82
45.855
47.805
49.889
51.757
57.726
67.579
69.58
71.714
73.731
77.616
79.5
81.534
85.486
87.486
89.52
91.421
95.389
107.427
121.198
125.183
127.217
131.052
133.086
135.003
137.054
138.971
145.024
146.958
150.992
152.926
154.977
162.78
166.865
168.866
170.9
172.834
176.718
182.637
184.655
190.723
194.692
198.626
202.528
208.547
214.499
218.383
224.469
228.404
238.307
244.109
246.127
250.111
257.998
260.165
262.116
264.083
266.001
269.985
274.053
275.937
279.972
285.958
289.792
295.895
297.745
299.763
301.647
303.797
305.815
307.632
309.716
325.572
327.489
331.507
333.475
337.426
341.478
349.381
355.216
359.201
361.368
363.152
365.17
371.138
375.14
377.207
385.143
392.946
394.997
400.899
402.933
410.819
412.903
414.937
424.858
426.675
438.713
440.663
442.514
446.599
448.583
458.52
462.421
466.506
468.373
474.342
480.361
482.312
484.279
486.247
492.215
494.133
496.1
500.202
504.036
