4.09
6.174
10.042
12.11
18.145
20.013
22.08
24.131
25.982
33.851
36.019
37.886
41.887
45.789
47.756
49.757
51.774
57.86
67.697
69.564
71.682
73.716
77.7
79.551
81.585
85.553
87.604
89.421
91.589
95.557
107.428
121.333
125.268
127.268
131.203
133.237
135.138
137.205
139.089
145.058
147.092
150.927
153.095
155.079
163.015
166.816
168.85
170.751
172.885
176.853
182.772
184.789
190.725
194.66
198.561
202.596
208.615
214.567
218.368
224.337
228.372
238.326
244.161
246.278
250.13
258.066
260.033
262.101
264.085
265.986
270.104
274.055
275.939
280.024
285.859
289.894
295.946
297.78
299.748
301.882
303.733
305.733
307.834
309.785
325.607
327.641
331.576
333.56
337.545
341.413
349.466
355.268
359.27
361.32
363.221
365.255
371.157
375.192
377.126
385.229
392.982
395.033
401.001
403.085
411.005
412.839
414.79
424.793
426.777
438.732
440.683
442.7
446.668
448.685
458.556
462.407
466.575
468.493
474.411
480.43
482.364
484.315
486.216
492.218
494.152
496.219
500.188
504.222
