4.237
6.254
10.172
12.073
18.109
20.143
22.11
24.011
26.062
33.998
35.982
37.833
41.951
45.803
47.77
49.837
51.738
57.757
67.761
69.645
71.579
73.546
77.648
79.599
81.583
85.518
87.618
89.536
91.436
95.488
107.342
121.264
125.133
127.267
131.202
133.186
135.153
137.204
139.138
144.99
146.974
151.092
153.043
154.96
162.93
166.815
168.782
170.883
172.867
176.719
182.804
184.688
190.641
194.692
198.577
202.495
208.514
214.433
218.368
224.403
228.271
238.159
244.211
246.212
250.146
258.116
260.117
262.068
264.118
266.086
269.921
273.939
275.839
279.808
285.76
289.861
295.697
297.831
299.682
301.683
303.717
305.734
307.701
309.619
325.441
327.426
331.377
333.344
337.363
341.314
349.384
355.169
359.154
361.138
363.239
365.257
371.242
375.027
377.178
385.064
392.984
394.884
400.887
402.937
410.924
412.908
414.708
424.612
426.713
438.601
440.668
442.469
446.47
448.471
458.475
462.46
466.378
468.362
474.298
480.167
482.334
484.185
486.202
492.088
494.172
496.039
500.207
504.059
