4.286
6.153
10.055
12.039
18.125
20.142
22.143
23.96
26.094
33.93
35.881
37.815
41.967
45.885
47.869
49.819
51.72
57.856
67.743
69.66
71.611
73.628
77.663
79.564
81.531
85.499
87.6
89.4
91.568
95.336
107.307
121.295
125.213
127.248
131.232
133.116
135.017
137.168
139.135
145.087
146.905
150.939
152.874
155.041
162.894
166.895
168.829
170.73
172.697
176.782
182.784
184.668
190.554
194.672
198.54
202.542
208.577
214.346
218.414
224.433
228.251
238.255
244.19
246.224
250.042
258.128
260.129
262.047
263.931
266.015
269.866
273.934
275.935
279.82
285.822
289.89
295.826
297.71
299.677
301.694
303.728
305.729
307.647
309.731
325.603
327.504
331.539
333.389
337.424
341.309
349.295
355.23
359.282
361.133
363.217
365.134
371.17
375.121
377.155
384.958
393.028
394.895
400.814
402.898
410.817
412.768
414.669
424.772
426.64
438.678
440.578
442.562
446.614
448.548
458.418
462.303
466.454
468.272
474.19
480.226
482.21
484.161
486.228
492.214
494.131
496.065
500.167
503.968
