4.263
6.264
10.198
12.066
18.118
20.002
22.036
23.937
25.904
33.891
35.958
37.875
41.927
45.762
47.746
49.73
51.814
57.816
67.753
69.721
71.622
73.572
77.557
79.575
81.542
85.527
87.394
89.378
91.479
95.447
107.402
121.24
125.208
127.143
131.127
133.095
135.112
136.98
138.98
144.916
147.033
151.035
152.986
154.97
162.823
166.857
168.792
170.776
172.726
176.728
182.697
184.781
190.733
194.518
198.453
202.604
208.54
214.325
218.31
224.429
228.364
238.301
244.237
246.237
250.156
257.975
260.059
262.043
263.944
266.028
270.046
274.015
275.849
279.867
285.919
289.754
295.656
297.807
299.658
301.625
303.676
305.593
307.711
309.678
325.434
327.435
331.353
333.354
337.339
341.473
349.293
355.195
359.263
361.314
363.282
365.082
371.151
375.136
377.053
384.956
392.893
394.894
400.812
402.897
410.883
412.884
414.818
424.788
426.789
438.61
440.527
442.628
446.546
448.614
458.468
462.336
466.454
468.371
474.407
480.226
482.227
484.311
486.228
492.264
494.248
496.065
500.05
504.085
