4.198
6.082
10.234
12.085
18.07
19.971
22.038
23.972
25.99
33.842
36.01
37.844
41.829
45.747
47.931
49.915
51.832
57.701
67.588
69.572
71.723
73.657
77.525
79.609
81.543
85.528
87.512
89.463
91.463
95.532
107.336
121.124
125.159
127.143
131.078
133.212
135.029
136.997
139.097
145.116
147.1
150.918
153.052
155.003
162.923
166.757
168.825
170.826
172.86
176.844
182.713
184.714
190.733
194.601
198.619
202.537
208.389
214.525
218.493
224.462
228.43
238.2
244.169
246.253
250.121
258.124
260.125
262.042
263.96
265.977
269.962
273.896
275.847
279.915
285.751
289.802
295.671
297.772
299.739
301.69
303.607
305.758
307.575
309.676
325.515
327.499
331.434
333.485
337.453
341.438
349.274
355.293
359.294
361.145
363.146
365.146
371.048
375.2
377.101
385.07
392.94
395.057
400.859
402.893
410.796
412.797
414.748
424.751
426.702
438.69
440.607
442.591
446.609
448.56
458.38
462.448
466.416
468.401
474.419
480.272
482.356
484.24
486.307
492.109
494.26
496.111
500.045
504.18
