4.249
6.1
10.118
12.169
18.088
20.055
22.073
23.973
26.057
33.86
35.828
37.995
41.913
45.831
47.849
49.749
51.784
57.736
67.756
69.657
71.674
73.608
77.676
79.527
81.595
85.529
87.597
89.547
91.398
95.4
107.304
121.192
125.277
127.245
131.113
133.063
135.164
137.148
139.066
145.001
146.985
151.037
152.987
154.905
162.858
166.959
168.793
170.777
172.895
176.746
182.665
184.632
190.601
194.619
198.704
202.689
208.608
214.527
218.428
224.497
228.449
238.302
244.354
246.339
250.24
258.193
260.194
262.194
264.112
265.979
270.114
273.999
276.083
279.951
286.003
289.955
295.823
297.741
299.775
301.842
303.86
305.66
307.728
309.628
325.701
327.485
331.487
333.537
337.539
341.424
349.376
355.379
359.313
361.314
363.365
365.199
371.284
375.153
377.103
385.056
393.109
395.027
401.012
402.996
410.932
412.816
414.901
424.788
426.722
438.759
440.577
442.744
446.696
448.646
458.517
462.401
466.403
468.52
474.472
480.341
482.409
484.409
486.327
492.296
494.28
496.13
500.232
504.133
