4.223
6.192
10.062
12.014
17.937
19.989
21.975
23.876
25.945
33.887
35.672
37.807
41.645
45.632
47.534
49.653
51.621
57.477
67.488
69.289
71.308
73.344
77.214
79.2
81.152
85.206
87.158
89.06
90.995
94.916
106.911
120.775
124.713
126.748
130.652
132.737
134.556
136.675
138.477
144.433
146.368
150.372
152.341
154.41
162.318
166.138
168.107
170.259
172.094
176.082
181.954
183.956
189.996
193.9
197.887
201.841
207.714
213.77
217.691
223.663
227.517
237.494
243.283
245.319
249.373
257.181
259.233
261.085
263.17
265.106
269.143
272.897
274.899
278.853
284.826
288.913
294.719
296.688
298.79
300.725
302.544
304.613
306.615
308.517
324.466
326.435
330.305
332.291
336.345
340.299
348.107
354.113
358.084
360.019
361.888
364.023
369.879
373.833
375.852
383.793
391.668
393.57
399.509
401.411
409.436
411.488
413.424
423.317
425.252
437.231
439.15
440.985
445.106
447.075
456.935
460.955
464.859
466.895
472.651
478.673
480.592
482.611
484.629
490.569
492.404
494.423
498.444
502.431
