4.139
6.239
10.157
12.125
18.127
20.078
22.045
24.112
26.046
33.933
35.9
37.917
41.919
45.937
47.804
49.805
51.772
57.858
67.661
69.745
71.663
73.614
77.698
79.482
81.616
85.551
87.485
89.503
91.437
95.471
107.359
121.347
125.232
127.083
131.251
133.118
135.086
137.136
139.087
144.939
147.073
151.008
152.909
154.993
162.979
166.897
168.814
170.882
172.833
176.784
182.803
184.62
190.672
194.724
198.525
202.543
208.495
214.481
218.449
224.384
228.336
238.239
244.275
246.159
250.194
258.046
260.014
261.965
264.032
266.033
270.017
273.886
275.87
279.821
285.823
289.891
295.86
297.677
299.645
301.612
303.696
305.664
307.764
309.632
325.504
327.555
331.39
333.407
337.425
341.326
349.396
355.181
359.3
361.3
363.168
365.152
371.137
375.155
377.073
384.992
392.912
394.962
401.015
402.982
410.768
412.785
414.769
424.623
426.774
438.595
440.595
442.496
446.631
448.432
458.402
462.32
466.471
468.272
474.258
480.26
482.327
484.328
486.329
492.247
494.231
496.165
500.217
504.135
