4.093
6.093
10.128
12.229
18.031
19.982
22.116
24.1
26.017
33.92
35.938
37.922
41.923
45.825
47.925
49.809
51.843
57.862
67.783
69.7
71.751
73.668
77.653
79.554
81.621
85.539
87.573
89.54
91.475
95.376
107.43
121.185
125.187
127.204
131.239
133.223
135.224
137.024
139.192
144.944
146.978
151.08
153.064
154.848
162.784
166.835
168.836
170.903
172.887
176.806
182.641
184.808
190.594
194.612
198.53
202.515
208.5
214.419
218.354
224.49
228.441
238.378
244.247
246.164
250.082
258.152
260.103
262.07
263.971
266.071
269.906
273.958
275.908
279.976
285.962
289.897
295.699
297.783
299.734
301.751
303.668
305.819
307.603
309.737
325.643
327.494
331.595
333.563
337.547
341.365
349.468
355.337
359.239
361.373
363.34
365.207
371.276
375.078
377.095
385.165
393.051
395.052
400.954
402.988
410.824
412.875
414.892
424.712
426.696
438.634
440.668
442.636
446.554
448.471
458.475
462.543
466.461
468.445
474.33
480.249
482.2
484.384
486.251
492.187
494.304
496.105
500.24
504.191
