4.226
6.26
10.178
12.195
17.997
20.014
22.099
23.949
26.1
34.019
35.953
37.904
41.822
45.89
47.858
49.925
51.893
57.828
67.765
69.682
71.716
73.684
77.568
79.636
81.486
85.555
87.572
89.423
91.507
95.491
107.262
121.351
125.119
127.169
131.104
133.105
135.122
137.023
139.207
145.142
147.026
151.095
152.929
155.063
162.965
166.934
168.818
170.885
172.919
176.72
182.773
184.64
190.792
194.76
198.611
202.663
208.598
214.434
218.402
224.387
228.422
238.259
244.261
246.228
250.147
258.033
260.05
262.134
264.035
266.136
270.137
273.955
276.072
280.024
285.876
289.927
295.913
297.73
299.698
301.715
303.716
305.716
307.667
309.668
325.607
327.657
331.526
333.493
337.544
341.479
349.432
355.251
359.252
361.403
363.187
365.271
371.14
375.191
377.142
385.161
392.947
395.065
400.95
403.001
411.004
412.821
414.789
424.742
426.876
438.747
440.731
442.565
446.683
448.701
458.437
462.472
466.407
468.391
474.41
480.429
482.379
484.33
486.364
492.299
494.3
496.251
500.219
504.054
