4.09
6.241
10.042
12.093
18.145
20.129
22.147
24.131
25.965
34.018
36.002
37.802
41.971
45.872
47.856
49.79
51.724
57.843
67.747
69.681
71.598
73.682
77.65
79.518
81.618
85.42
87.387
89.555
91.439
95.407
107.328
121.216
125.168
127.085
131.22
133.02
135.104
137.055
139.039
145.041
146.925
150.894
152.978
154.895
162.931
166.749
168.933
170.867
172.735
176.736
182.755
184.639
190.675
194.659
198.661
202.496
208.598
214.5
218.451
224.487
228.388
238.359
244.211
246.312
250.23
258.216
260.167
262.051
264.001
266.085
270.037
273.922
276.072
279.891
285.876
289.861
295.746
297.73
299.848
301.798
303.666
305.767
307.767
309.651
325.49
327.491
331.493
333.443
337.578
341.38
349.282
355.385
359.253
361.337
363.288
365.305
371.124
375.192
377.226
385.196
393.065
395.066
401.018
403.019
410.872
412.839
414.923
424.71
426.727
438.665
440.616
442.583
446.585
448.519
458.456
462.574
466.442
468.526
474.328
480.263
482.264
484.248
486.266
492.268
494.119
496.303
500.121
504.222
