4.221
6.255
10.057
12.074
18.176
20.144
22.011
24.095
26.096
33.849
35.983
37.967
41.935
45.903
47.82
49.871
51.822
57.69
67.627
69.628
71.595
73.563
77.648
79.582
81.466
85.45
87.485
89.435
91.519
95.387
107.242
121.23
125.181
127.082
131.184
133.134
135.168
137.086
139.053
145.039
147.056
150.924
153.025
154.975
162.945
166.746
168.847
170.764
172.865
176.667
182.619
184.686
190.588
194.573
198.691
202.609
208.578
214.38
218.348
224.334
228.319
238.189
244.308
246.125
250.093
258.079
260.13
262.014
264.031
265.999
270.034
274.035
275.936
279.854
285.906
289.774
295.86
297.71
299.828
301.628
303.796
305.613
307.697
309.765
325.487
327.604
331.472
333.523
337.541
341.459
349.412
355.198
359.166
361.233
363.3
365.318
371.087
375.138
377.039
384.992
392.911
395.045
400.931
402.815
410.868
412.935
414.752
424.756
426.64
438.694
440.578
442.696
446.664
448.648
458.418
462.453
466.471
468.455
474.307
480.293
482.227
484.294
486.311
492.264
494.114
496.165
500.233
504.068
