4.154
6.122
10.056
12.19
18.026
20.11
22.061
23.961
26.012
33.848
35.932
38.016
41.868
45.753
47.87
49.854
51.905
57.69
67.627
69.578
71.729
73.663
77.581
79.648
81.649
85.55
87.551
89.419
91.453
95.487
107.458
121.197
125.315
127.182
131.2
133.251
135.102
137.186
139.153
145.105
147.106
151.074
153.058
154.876
162.895
166.863
168.781
170.881
172.799
176.767
182.669
184.653
190.755
194.74
198.725
202.643
208.579
214.497
218.499
224.418
228.352
238.356
244.258
246.276
250.26
258.097
260.181
262.098
264.182
266.033
270.001
273.936
275.97
279.955
285.823
289.858
295.91
297.878
299.728
301.679
303.68
305.797
307.648
309.649
325.588
327.572
331.54
333.491
337.425
341.394
349.346
355.265
359.417
361.234
363.335
365.269
371.271
375.106
377.19
385.076
393.079
394.93
400.965
402.916
410.936
412.936
414.954
424.774
426.808
438.729
440.746
442.697
446.699
448.599
458.486
462.538
466.422
468.473
474.409
480.311
482.211
484.279
486.196
492.148
494.116
496.116
500.251
504.119
