4.105
6.089
10.208
12.108
18.16
20.161
21.995
24.029
25.93
33.983
35.884
37.834
41.969
45.804
47.855
49.739
51.756
57.775
67.695
69.679
71.563
73.714
77.515
79.649
81.534
85.468
87.519
89.503
91.387
95.505
107.376
121.248
125.299
127.283
131.268
133.052
135.12
137.02
139.071
145.14
147.124
150.975
152.976
154.994
162.946
166.815
168.882
170.866
172.883
176.852
182.654
184.721
190.707
194.691
198.526
202.511
208.463
214.449
218.383
224.319
228.27
238.257
244.159
246.31
250.095
258.214
260.082
262.016
264.067
266.051
270.102
273.954
275.921
279.939
285.825
289.859
295.828
297.729
299.763
301.73
303.764
305.782
307.766
309.717
325.639
327.59
331.608
333.442
337.56
341.445
349.348
355.383
359.368
361.302
363.253
365.303
371.122
375.14
377.241
385.011
392.997
394.981
400.933
403.034
410.887
412.771
414.871
424.808
426.659
438.547
440.681
442.515
446.5
448.5
458.587
462.422
466.524
468.408
474.376
480.312
482.363
484.197
486.247
492.15
494.2
496.234
500.203
504.121
