4.086
6.205
10.108
12.161
17.9
19.885
21.937
23.906
25.891
33.749
35.851
37.82
41.657
45.744
47.613
49.565
51.533
57.389
67.366
69.351
71.286
73.272
77.242
79.311
81.179
85.234
87.035
89.121
90.989
95.027
106.805
120.786
124.706
126.708
130.612
132.581
134.683
136.618
138.453
144.376
146.528
150.432
152.434
154.319
162.194
166.264
168.083
170.135
172.104
176.008
182.03
184.082
189.938
193.925
197.846
201.733
207.622
213.645
217.549
223.538
227.492
237.386
243.425
245.343
249.314
257.205
259.241
261.126
263.145
265.03
269.034
273.071
274.956
278.96
284.916
288.787
294.826
296.795
298.63
300.582
302.684
304.586
306.555
308.623
324.389
326.308
330.228
332.264
336.268
340.255
348.163
354.035
357.956
360.008
361.977
363.845
369.834
373.788
375.824
383.632
391.59
393.491
399.514
401.499
409.407
411.293
413.345
423.355
425.156
437.118
439.07
441.056
444.926
446.911
456.805
460.875
464.779
466.848
472.721
478.727
480.729
482.497
484.649
490.588
492.49
494.509
498.413
502.434
