4.214
6.231
10.216
12.05
18.019
20.003
21.954
24.004
25.972
33.908
35.992
37.943
41.861
45.945
47.846
49.88
51.781
57.766
67.62
69.671
71.705
73.555
77.64
79.641
81.575
85.476
87.577
89.544
91.545
95.53
107.284
121.323
125.291
127.291
131.126
133.043
135.211
137.112
139.079
144.948
147.098
151
152.951
155.018
162.921
166.856
168.773
170.94
172.808
176.809
182.645
184.662
190.564
194.599
198.667
202.552
208.571
214.406
218.457
224.41
228.394
238.331
244.3
246.151
250.169
258.005
260.189
262.04
264.157
266.141
270.109
273.977
275.978
279.913
285.898
289.8
295.768
297.686
299.853
301.804
303.721
305.722
307.706
309.69
325.596
327.58
331.515
333.549
337.4
341.502
349.321
355.323
359.358
361.325
363.309
365.177
371.196
375.23
377.114
385.117
393.02
394.904
401.04
402.974
410.977
412.827
414.845
424.815
426.649
438.653
440.687
442.571
446.523
448.49
458.41
462.545
466.48
468.364
474.299
480.251
482.202
484.186
486.237
492.272
494.173
496.19
500.159
504.16
