4.176
6.243
10.045
12.029
18.014
19.998
22.099
23.983
25.984
34.054
35.971
37.955
41.89
45.874
47.842
49.826
51.843
57.679
67.632
69.733
71.584
73.618
77.703
79.687
81.604
85.439
87.49
89.474
91.574
95.543
107.297
121.202
125.253
127.137
131.105
133.106
135.057
137.191
139.158
145.011
146.995
151.046
153.03
154.998
162.884
166.885
168.953
170.853
172.921
176.739
182.658
184.725
190.644
194.745
198.647
202.565
208.484
214.486
218.521
224.306
228.374
238.395
244.28
246.147
250.182
258.202
260.036
262.203
264.104
266.038
269.973
274.074
275.908
279.993
285.845
289.847
295.832
297.733
299.7
301.834
303.685
305.786
307.753
309.804
325.543
327.61
331.512
333.562
337.431
341.399
349.352
355.32
359.289
361.323
363.373
365.274
371.31
375.244
377.228
385.115
392.984
395.068
401.054
402.938
410.957
412.908
414.959
424.729
426.813
438.751
440.585
442.569
446.62
448.571
458.525
462.543
466.528
468.412
474.314
480.399
482.333
484.201
486.251
492.154
494.188
496.255
500.106
504.158
