4.155
6.173
10.057
12.125
18.11
20.111
22.095
24.013
25.997
33.983
35.984
37.918
41.786
45.754
47.905
49.722
51.873
57.692
67.712
69.763
71.613
73.631
77.582
79.5
81.65
85.502
87.586
89.403
91.454
95.522
107.41
121.165
125.2
127.251
131.102
133.069
135.087
137.104
139.038
145.074
147.041
151.076
152.91
154.911
162.797
166.899
168.816
170.867
172.917
176.836
182.671
184.688
190.641
194.675
198.66
202.578
208.514
214.399
218.501
224.503
228.338
238.208
244.277
246.144
250.096
258.082
260.166
262.067
264.084
266.118
270.07
273.955
276.072
280.04
285.792
289.794
295.796
297.697
299.798
301.865
303.666
305.75
307.717
309.668
325.574
327.508
331.459
333.493
337.495
341.496
349.282
355.268
359.203
361.32
363.371
365.222
371.307
375.242
377.143
385.162
392.999
395.099
401.035
402.869
410.822
412.823
414.89
424.694
426.778
438.665
440.616
442.584
446.685
448.619
458.406
462.374
466.526
468.476
474.279
480.247
482.415
484.299
486.35
492.168
494.186
496.303
500.071
504.123
