4.231
6.099
10.067
12.184
18.037
20.104
21.971
23.939
25.923
33.959
36.027
37.827
41.812
45.814
47.881
49.715
51.832
57.835
67.705
69.739
71.706
73.607
77.659
79.643
81.61
85.462
87.462
89.446
91.414
95.465
107.353
121.191
125.276
127.227
131.229
133.229
135.23
137.097
139.081
144.984
147.051
151.086
153.053
154.871
162.974
166.775
168.859
170.843
172.794
176.729
182.831
184.815
190.617
194.619
198.587
202.655
208.557
214.409
218.428
224.346
228.381
238.202
244.187
246.288
250.206
258.026
260.126
262.094
264.095
266.095
269.997
273.915
276.016
279.867
285.953
289.887
295.773
297.757
299.791
301.659
303.676
305.76
307.777
309.661
325.467
327.501
331.436
333.504
337.372
341.44
349.276
355.212
359.213
361.231
363.181
365.132
371.268
375.186
377.17
385.156
393.109
395.093
400.945
402.879
410.766
412.933
414.767
424.738
426.655
438.726
440.693
442.594
446.662
448.613
458.517
462.552
466.353
468.42
474.339
480.241
482.326
484.376
486.227
492.279
494.213
496.281
500.149
504.134
