4.092
6.143
10.127
12.228
18.114
20.131
22.132
24.082
25.933
34.053
35.953
37.904
41.972
45.773
47.941
49.808
51.809
57.728
67.731
69.599
71.699
73.7
77.685
79.619
81.503
85.571
87.622
89.439
91.407
95.525
107.429
121.217
125.152
127.119
131.087
133.055
135.089
137.09
139.14
145.026
146.96
150.961
153.045
154.913
162.832
166.9
168.884
170.818
172.853
176.854
182.773
184.807
190.592
194.644
198.628
202.48
208.449
214.517
218.469
224.354
228.339
238.326
244.145
246.229
250.047
258.033
260.151
262.151
264.135
265.986
269.987
273.989
276.006
279.958
285.743
289.845
295.847
297.847
299.681
301.766
303.683
305.767
307.634
309.735
325.474
327.508
331.476
333.51
337.378
341.33
349.249
355.385
359.17
361.32
363.254
365.155
371.257
375.075
377.159
384.995
392.882
395.032
400.851
402.969
410.805
412.772
414.823
424.643
426.744
438.598
440.599
442.566
446.601
448.502
458.405
462.323
466.408
468.425
474.328
480.313
482.297
484.331
486.115
492.201
494.135
496.152
500.087
503.955
