4.246
6.097
10.148
12.199
18.001
20.052
22.003
23.953
25.904
33.874
35.908
37.908
41.793
45.861
47.845
49.713
51.73
57.766
67.703
69.653
71.737
73.688
77.606
79.59
81.574
85.459
87.41
89.427
91.561
95.463
107.4
121.139
125.29
127.174
131.109
133.21
135.01
137.061
138.978
144.964
146.965
151.049
153
154.967
162.904
166.905
168.772
170.756
172.757
176.792
182.694
184.678
190.597
194.532
198.516
202.435
208.57
214.456
218.44
224.242
228.277
238.181
244.083
246.184
250.118
258.038
260.039
261.989
264.09
266.108
269.959
273.894
275.894
279.946
285.915
289.866
295.668
297.836
299.803
301.787
303.771
305.688
307.673
309.707
325.462
327.43
331.448
333.515
337.417
341.485
349.238
355.256
359.325
361.292
363.309
365.293
371.162
375.097
377.148
384.934
392.87
394.987
400.956
402.807
410.86
412.91
414.795
424.798
426.699
438.636
440.587
442.504
446.539
448.557
458.477
462.312
466.48
468.464
474.283
480.351
482.252
484.32
486.22
492.222
494.173
496.057
500.109
504.143
