4.125
6.276
10.16
12.078
18.047
19.997
22.065
24.065
25.983
34.019
35.92
37.82
41.805
45.857
47.791
49.725
51.842
57.661
67.665
69.732
71.583
73.683
77.602
79.636
81.536
85.521
87.455
89.489
91.523
95.458
107.362
121.217
125.219
127.07
131.038
133.122
135.039
137.057
139.007
145.026
146.927
150.978
152.996
154.88
162.866
166.767
168.801
170.719
172.736
176.754
182.723
184.64
190.559
194.561
198.529
202.597
208.516
214.568
218.469
224.355
228.423
238.177
244.129
246.18
250.114
258.151
260.051
262.102
264.003
266.053
269.988
274.006
275.907
280.025
285.911
289.929
295.864
297.765
299.816
301.833
303.684
305.668
307.735
309.603
325.575
327.609
331.444
333.511
337.546
341.398
349.434
355.219
359.304
361.238
363.339
365.173
371.108
375.06
377.227
384.98
392.966
394.9
400.936
402.97
410.739
412.79
414.724
424.728
426.762
438.6
440.534
442.468
446.519
448.47
458.473
462.425
466.393
468.46
474.246
480.248
482.265
484.2
486.267
492.069
494.086
496.221
500.139
504.123
