4.21
6.094
10.046
12.063
18.132
19.999
22.067
24.051
26.118
34.004
36.022
37.822
41.957
45.759
47.943
49.893
51.744
57.779
67.65
69.617
71.551
73.602
77.57
79.504
81.655
85.473
87.557
89.574
91.425
95.46
107.331
121.169
125.137
127.271
131.156
133.19
135.04
137.158
139.192
145.027
147.078
151.029
153.014
155.064
163
166.935
168.869
170.937
172.754
176.789
182.674
184.758
190.644
194.612
198.613
202.531
208.45
214.569
218.404
224.406
228.29
238.378
244.28
246.147
250.115
258.101
260.119
262.036
264.037
265.971
269.972
274.073
276.091
279.859
285.978
289.879
295.831
297.732
299.699
301.8
303.784
305.718
307.702
309.803
325.675
327.576
331.444
333.478
337.563
341.481
349.434
355.319
359.237
361.271
363.389
365.173
371.125
375.093
377.244
385.047
392.999
394.933
401.086
402.92
411.006
412.957
414.841
424.761
426.711
438.632
440.666
442.717
446.652
448.586
458.606
462.441
466.459
468.51
474.362
480.264
482.248
484.249
486.233
492.335
494.252
496.203
500.088
504.056
