4.291
6.125
10.226
12.027
18.162
20.097
22.014
24.065
26.099
33.885
35.936
37.836
41.905
45.823
47.823
49.807
51.858
57.727
67.681
69.748
71.599
73.516
77.618
79.518
81.469
85.554
87.488
89.539
91.389
95.458
107.395
121.301
125.152
127.253
131.087
133.222
135.072
137.023
139.007
144.926
147.093
151.045
152.929
154.913
162.966
166.884
168.801
170.819
172.686
176.771
182.757
184.691
190.543
194.611
198.496
202.414
208.366
214.335
218.47
224.272
228.24
238.194
244.079
246.113
250.115
258.118
260.018
262.136
264.07
266.087
269.872
273.84
275.874
279.809
285.728
289.796
295.748
297.732
299.633
301.65
303.684
305.619
307.736
309.587
325.609
327.393
331.378
333.479
337.514
341.332
349.318
355.22
359.255
361.322
363.173
365.09
371.076
375.111
376.995
385.065
393.067
395.002
400.887
402.954
410.924
412.791
414.709
424.813
426.73
438.684
440.652
442.652
446.47
448.621
458.442
462.41
466.411
468.312
474.414
480.233
482.234
484.151
486.102
492.204
494.205
496.155
500.024
504.092
