4.128
6.078
10.046
12.147
18.166
20.033
22.034
23.935
25.936
33.922
35.822
37.907
41.775
45.843
47.927
49.778
51.728
57.764
67.651
69.618
71.569
73.703
77.504
79.588
81.639
85.541
87.458
89.425
91.476
95.361
107.399
121.32
125.222
127.239
131.074
133.208
135.092
137.009
139.127
144.979
147.013
150.981
152.932
154.849
162.835
166.82
168.838
170.688
172.722
176.74
182.709
184.76
190.545
194.614
198.498
202.567
208.385
214.354
218.289
224.258
228.276
238.229
244.248
246.082
250.134
258.12
260.037
262.138
263.922
265.956
270.041
273.976
275.91
279.861
285.747
289.798
295.85
297.684
299.652
301.619
303.62
305.787
307.671
309.655
325.528
327.595
331.497
333.397
337.449
341.384
349.237
355.239
359.357
361.224
363.292
365.276
371.195
375.229
377.063
384.95
392.969
395.003
400.972
402.956
410.809
412.76
414.76
424.664
426.765
438.602
440.703
442.621
446.555
448.623
458.46
462.494
466.479
468.413
474.315
480.184
482.168
484.336
486.17
492.122
494.106
496.073
500.192
504.16
