4.163
6.08
10.199
12.049
18.152
19.952
22.12
23.954
26.055
33.858
35.975
37.826
41.861
45.929
47.846
49.914
51.764
57.733
67.62
69.621
71.689
73.689
77.607
79.658
81.626
85.46
87.611
89.512
91.429
95.448
107.369
121.274
125.159
127.176
131.128
133.045
135.163
137.08
139.164
144.95
146.984
151.002
153.053
154.903
162.79
166.825
168.759
170.926
172.91
176.745
182.714
184.731
190.634
194.668
198.653
202.571
208.507
214.409
218.494
224.48
228.348
238.368
244.32
246.155
250.206
258.076
260.06
262.044
264.011
266.162
270.014
273.965
275.982
279.951
285.87
289.888
295.707
297.757
299.725
301.692
303.793
305.794
307.811
309.595
325.601
327.585
331.537
333.421
337.389
341.391
349.293
355.396
359.297
361.281
363.349
365.2
371.135
375.237
377.254
385.14
392.993
395.044
400.963
403.047
410.783
412.901
414.885
424.689
426.789
438.761
440.628
442.712
446.564
448.664
458.551
462.47
466.488
468.455
474.307
480.293
482.394
484.395
486.262
492.214
494.132
496.132
500.084
504.102
