4.108
6.076
10.094
12.145
18.113
20.098
22.148
23.982
26.083
33.903
35.887
37.954
41.922
45.807
47.875
49.842
51.709
57.645
67.599
69.666
71.567
73.701
77.552
79.486
81.454
85.422
87.473
89.523
91.491
95.426
107.363
121.152
125.237
127.188
131.222
133.206
134.99
137.125
139.059
144.944
146.962
150.896
152.997
155.031
162.768
166.769
168.836
170.754
172.738
176.839
182.692
184.709
190.628
194.613
198.664
202.582
208.385
214.403
218.338
224.441
228.425
238.279
244.215
246.115
250.217
258.17
260.054
262.138
264.055
266.039
269.891
274.059
276.026
279.978
285.763
289.798
295.734
297.751
299.702
301.736
303.62
305.738
307.788
309.656
325.462
327.446
331.43
333.481
337.383
341.468
349.32
355.389
359.258
361.358
363.292
365.126
371.229
375.213
377.198
385.05
393.087
394.988
400.956
402.874
410.893
412.911
414.912
424.799
426.683
438.554
440.521
442.572
446.573
448.491
458.478
462.363
466.514
468.415
474.434
480.253
482.37
484.221
486.205
492.257
494.275
496.225
500.043
504.212
