4.077
6.194
10.079
12.163
18.049
19.949
22.017
23.951
26.018
34.038
35.989
37.906
41.891
45.792
47.86
49.827
51.828
57.813
67.75
69.601
71.568
73.536
77.637
79.488
81.622
85.44
87.474
89.492
91.526
95.46
107.281
121.137
125.238
127.155
131.074
133.024
135.092
136.992
139.01
144.962
147.029
150.848
152.915
154.982
162.769
166.803
168.754
170.738
172.739
176.64
182.776
184.643
190.629
194.58
198.515
202.466
208.469
214.471
218.322
224.425
228.343
238.296
244.165
246.166
250.167
258.054
260.121
262.138
264.056
266.023
269.875
274.026
275.877
279.962
285.847
289.865
295.751
297.818
299.702
301.786
303.654
305.638
307.672
309.673
325.562
327.412
331.564
333.398
337.499
341.351
349.421
355.223
359.207
361.325
363.159
365.226
371.162
375.13
377.147
385.05
392.903
395.054
400.923
402.823
410.843
412.911
414.711
424.648
426.632
438.537
440.621
442.655
446.523
448.507
458.511
462.529
466.297
468.298
474.316
480.185
482.269
484.303
486.287
492.206
494.174
496.241
500.109
504.044
