4.272
6.256
10.191
12.175
18.177
20.095
22.095
24.129
25.93
33.916
35.85
37.901
41.986
45.804
47.838
49.805
51.739
57.742
67.662
69.612
71.68
73.731
77.532
79.533
81.65
85.585
87.569
89.553
91.454
95.505
107.343
121.331
125.133
127.15
131.185
133.119
135.036
137.037
139.038
144.956
147.024
151.075
152.943
155.06
162.996
166.764
168.815
170.783
172.8
176.751
182.653
184.738
190.773
194.658
198.693
202.661
208.513
214.432
218.483
224.385
228.287
238.257
244.159
246.143
250.128
258.098
260.132
262.182
264.1
265.967
270.102
274.02
275.887
279.872
285.941
289.842
295.911
297.729
299.713
301.83
303.831
305.798
307.749
309.6
325.539
327.473
331.541
333.525
337.393
341.428
349.364
355.333
359.384
361.218
363.319
365.353
371.189
375.123
377.257
385.16
392.946
394.964
400.933
402.85
410.853
412.92
414.904
424.758
426.759
438.696
440.714
442.548
446.599
448.5
458.537
462.388
466.406
468.474
474.426
480.261
482.412
484.23
486.297
492.199
494.133
496.151
500.219
504.22
