4.142
6.126
10.194
12.095
18.13
20.031
22.132
24.049
25.933
34.002
35.986
37.987
41.905
45.957
47.924
49.775
51.825
57.761
67.648
69.598
71.566
73.55
77.501
79.552
81.536
85.554
87.472
89.472
91.556
95.508
107.362
121.2
125.152
127.286
131.07
133.038
135.155
137.006
139.157
145.042
147.026
150.978
152.845
155.012
162.765
166.8
168.751
170.901
172.735
176.653
182.755
184.706
190.742
194.576
198.528
202.513
208.548
214.533
218.368
224.337
228.338
238.159
244.261
246.111
250.08
258.149
260.116
261.984
264.018
265.918
269.87
273.988
275.922
279.974
285.859
289.727
295.846
297.797
299.714
301.731
303.782
305.583
307.633
309.717
325.406
327.39
331.559
333.526
337.427
341.329
349.265
355.167
359.202
361.269
363.203
365.137
371.223
375.207
377.041
385.128
392.947
394.965
400.983
402.934
410.904
412.871
414.888
424.775
426.693
438.663
440.581
442.465
446.6
448.617
458.521
462.405
466.39
468.307
474.376
480.278
482.146
484.13
486.197
492.133
494.233
496.134
500.035
504.087
