4.29
6.124
10.176
12.193
18.095
19.979
21.98
23.947
25.981
33.918
35.852
37.819
41.837
45.905
47.856
49.907
51.824
57.66
67.597
69.664
71.565
73.616
77.5
79.601
81.585
85.487
87.587
89.588
91.572
95.424
107.361
121.25
125.285
127.135
131.037
133.104
135.088
137.189
139.156
144.975
146.959
151.077
153.061
155.029
162.798
166.75
168.734
170.918
172.835
176.77
182.756
184.79
190.659
194.543
198.595
202.63
208.599
214.551
218.352
224.288
228.256
238.376
244.212
246.112
250.247
258.2
260.118
262.152
264.152
266.053
270.121
274.023
276.007
279.908
285.91
289.912
295.714
297.781
299.732
301.8
303.817
305.818
307.635
309.702
325.658
327.576
331.427
333.561
337.513
341.431
349.367
355.286
359.304
361.205
363.189
365.273
371.125
375.126
377.211
385.063
392.933
395.034
401.003
403.037
410.923
412.774
414.924
424.661
426.679
438.633
440.634
442.551
446.603
448.52
458.49
462.475
466.46
468.511
474.463
480.399
482.349
484.367
486.317
492.32
494.187
496.288
500.122
504.157
