4.133
6.233
10.068
12.202
18.104
20.038
21.956
24.123
25.907
33.86
35.877
37.862
41.946
45.931
47.798
49.766
51.85
57.785
67.622
69.623
71.54
73.524
77.509
79.46
81.444
85.462
87.496
89.43
91.481
95.316
107.337
121.142
125.076
127.044
131.045
133.096
135.03
137.031
139.098
145.033
146.917
151.002
152.87
154.92
162.823
166.758
168.792
170.693
172.777
176.845
182.647
184.748
190.65
194.568
198.503
202.487
208.573
214.408
218.46
224.329
228.297
238.15
244.102
246.153
250.121
257.991
259.975
261.942
264.026
265.994
269.928
273.963
275.947
279.882
285.884
289.736
295.771
297.688
299.839
301.706
303.707
305.758
307.692
309.743
325.532
327.432
331.434
333.468
337.353
341.454
349.34
355.326
359.227
361.295
363.179
365.113
371.215
375.083
377.05
385.053
393.006
394.973
400.959
403.01
410.946
412.93
414.73
424.734
426.785
438.572
440.556
442.641
446.492
448.493
458.413
462.364
466.316
468.466
474.302
480.254
482.321
484.239
486.323
492.242
494.209
496.06
500.178
504.046
