4.137
6.205
10.223
12.174
18.143
20.11
22.111
23.995
25.996
34.015
35.966
37.967
41.818
45.77
47.87
49.788
51.822
57.707
67.628
69.745
71.679
73.58
77.548
79.482
81.6
85.501
87.569
89.536
91.553
95.522
107.443
121.164
125.216
127.133
131.085
133.136
135.136
137.07
139.138
145.107
147.058
151.076
152.91
154.91
163.013
166.832
168.916
170.8
172.75
176.752
182.821
184.705
190.74
194.575
198.593
202.645
208.614
214.399
218.401
224.503
228.321
238.325
244.21
246.245
250.129
258.082
260.183
262.217
264.135
266.185
270.154
274.088
276.106
279.941
286.026
289.811
295.863
297.931
299.865
301.882
303.883
305.784
307.784
309.835
325.641
327.608
331.493
333.561
337.579
341.464
349.483
355.452
359.387
361.238
363.222
365.222
371.258
375.259
377.194
385.08
392.966
395.117
400.902
402.92
410.856
413.007
414.974
424.811
426.862
438.717
440.667
442.718
446.536
448.687
458.474
462.525
466.46
468.528
474.363
480.349
482.366
484.317
486.251
492.22
494.304
496.171
500.29
504.224
