4.15
6.184
10.236
12.037
18.172
20.073
22.14
24.024
26.108
33.961
36.028
37.829
41.88
45.882
47.799
49.75
51.717
57.803
67.74
69.607
71.674
73.625
77.527
79.611
81.578
85.529
87.53
89.414
91.548
95.483
107.27
121.275
125.143
127.094
131.062
133.113
135.164
137.031
138.982
145.051
146.951
151.069
152.87
154.871
162.89
166.942
168.876
170.843
172.777
176.712
182.664
184.698
190.583
194.585
198.536
202.621
208.506
214.375
218.31
224.345
228.347
238.2
244.152
246.237
250.155
258.107
260.075
261.959
263.976
266.11
270.062
273.88
275.947
280.015
285.784
289.869
295.754
297.838
299.739
301.806
303.674
305.708
307.592
309.642
325.615
327.532
331.45
333.534
337.486
341.32
349.34
355.275
359.21
361.261
363.295
365.229
371.164
375.099
377.133
385.053
393.089
394.94
400.908
402.909
410.945
412.829
414.78
424.833
426.634
438.722
440.539
442.59
446.641
448.609
458.512
462.347
466.465
468.316
474.418
480.403
482.354
484.305
486.222
492.207
494.108
496.142
500.077
504.028
