4.112
6.179
10.164
12.148
18.117
20.101
21.968
23.952
26.086
33.972
35.956
38.007
41.842
45.743
47.727
49.778
51.829
57.664
67.718
69.535
71.586
73.537
77.521
79.522
81.623
85.524
87.425
89.576
91.36
95.411
107.332
121.254
125.289
127.139
131.091
133.075
135.076
137.076
139.044
144.979
146.98
150.965
152.999
154.833
162.819
166.904
168.771
170.738
172.872
176.857
182.643
184.627
190.596
194.547
198.565
202.55
208.452
214.471
218.389
224.291
228.226
238.179
244.198
246.149
250.134
258.12
260.004
262.121
263.939
266.073
269.991
273.992
276.01
279.811
285.797
289.765
295.85
297.651
299.818
301.636
303.686
305.77
307.738
309.572
325.427
327.395
331.546
333.43
337.348
341.3
349.353
355.188
359.306
361.124
363.291
365.158
371.077
375.145
376.996
385.099
392.985
394.986
400.821
402.939
410.808
412.692
414.693
424.63
426.664
438.602
440.486
442.536
446.438
448.489
458.525
462.377
466.278
468.362
474.248
480.35
482.251
484.201
486.219
492.171
494.088
496.122
500.107
504.125
