4.211
6.228
10.096
12.23
18.082
19.983
22.05
23.951
26.018
33.938
36.022
37.956
41.824
45.876
47.776
49.744
51.861
57.713
67.783
69.667
71.702
73.652
77.52
79.604
81.572
85.506
87.524
89.458
91.492
95.477
107.381
121.319
125.221
127.288
131.19
133.224
135.174
137.175
139.009
145.128
147.045
151.097
153.047
154.932
162.968
166.836
168.837
170.921
172.788
176.673
182.708
184.759
190.678
194.596
198.514
202.615
208.401
214.386
218.471
224.407
228.358
238.362
244.13
246.281
250.132
258.052
260.169
262.02
264.004
266.005
270.023
273.908
276.042
279.943
285.912
289.847
295.799
297.85
299.667
301.784
303.802
305.769
307.787
309.754
325.443
327.444
331.528
333.513
337.481
341.415
349.285
355.337
359.222
361.339
363.34
365.241
371.259
375.044
377.195
385.031
393.051
395.068
401.004
402.971
410.774
412.858
414.792
424.795
426.679
438.7
440.701
442.635
446.537
448.437
458.458
462.526
466.377
468.378
474.33
480.315
482.283
484.25
486.334
492.12
494.204
496.154
500.106
504.124
