4.181
6.265
10.05
12.134
18.069
20.02
21.987
24.105
26.105
33.975
36.009
37.876
41.961
45.896
47.88
49.764
51.898
57.667
67.737
69.588
71.689
73.706
77.574
79.575
81.642
85.46
87.461
89.595
91.396
95.43
107.335
121.273
125.225
127.259
131.077
133.161
135.195
137.062
139.163
144.965
146.932
151.084
152.985
154.869
162.888
166.84
168.824
170.808
172.792
176.793
182.812
184.679
190.748
194.566
198.584
202.536
208.505
214.423
218.325
224.444
228.345
238.165
244.267
246.252
250.103
258.122
260.123
261.991
264.158
266.075
269.977
274.062
275.879
279.98
285.816
289.817
295.736
297.887
299.804
301.838
303.789
305.823
307.674
309.758
325.663
327.447
331.566
333.516
337.468
341.453
349.355
355.391
359.292
361.31
363.31
365.244
371.213
375.198
377.249
385.118
392.921
395.005
400.991
402.941
410.794
412.928
414.779
424.816
426.733
438.754
440.622
442.572
446.54
448.641
458.495
462.463
466.514
468.482
474.367
480.269
482.387
484.187
486.238
492.19
494.141
496.192
500.126
504.211
