4.146
6.181
10.002
12.104
17.977
19.995
22.014
23.866
25.868
33.742
35.845
37.68
41.634
45.688
47.673
49.608
51.46
57.45
67.493
69.395
71.43
73.382
77.219
79.288
81.24
85.127
87.213
89.148
91.133
95.037
106.966
120.73
124.717
126.602
130.59
132.525
134.577
136.596
138.464
144.554
146.505
150.493
152.295
154.28
162.355
166.275
168.194
170.046
172.014
175.985
181.991
184.01
189.916
193.936
197.824
201.844
207.767
213.723
217.51
223.583
227.52
237.447
243.386
245.338
249.342
257.133
259.269
261.037
263.089
265.008
269.062
273.016
274.851
279.005
284.844
288.882
294.787
296.656
298.725
300.66
302.612
304.531
306.516
308.551
324.317
326.453
330.24
332.342
336.279
340.25
348.091
354.08
357.901
359.986
362.005
363.84
369.813
373.767
375.685
383.626
391.534
393.536
399.559
401.444
409.386
411.371
413.306
423.183
425.235
437.147
439.132
440.984
445.071
447.073
456.883
460.837
464.791
466.827
472.632
478.738
480.69
482.676
484.594
490.6
492.452
494.438
498.358
502.295
