4.148
6.099
10.2
12.018
18.087
20.021
22.088
24.122
25.973
34.009
35.993
37.944
41.962
45.897
47.781
49.781
51.765
57.734
67.655
69.755
71.706
73.607
77.608
79.609
81.543
85.594
87.528
89.496
91.497
95.448
107.402
121.241
125.259
127.193
131.228
133.045
135.129
137.213
139.031
145.066
146.983
150.985
152.952
155.036
162.923
166.891
168.841
170.809
172.926
176.861
182.663
184.814
190.783
194.701
198.602
202.57
208.606
214.558
218.559
224.312
228.463
238.217
244.219
246.136
250.171
258.191
260.175
262.075
263.993
266.043
269.995
274.013
276.03
279.915
285.901
289.785
295.821
297.738
299.822
301.706
303.807
305.841
307.825
309.659
325.632
327.683
331.517
333.485
337.586
341.438
349.357
355.443
359.344
361.361
363.329
365.23
371.232
375.133
377.201
385.103
393.023
395.024
401.009
403.043
410.896
412.88
414.814
424.868
426.819
438.773
440.724
442.708
446.576
448.71
458.597
462.548
466.516
468.484
474.303
480.438
482.422
484.323
486.39
492.276
494.277
496.311
500.295
504.063
