4.279
6.146
10.097
12.215
18.084
20.118
21.935
23.969
26.07
33.906
35.974
38.008
41.909
45.877
47.828
49.712
51.829
57.715
67.635
69.653
71.603
73.654
77.556
79.673
81.457
85.559
87.443
89.393
91.494
95.512
107.383
121.172
125.173
127.224
131.125
133.21
135.06
137.128
139.128
145.147
147.131
151.083
152.9
154.868
162.887
166.889
168.956
170.757
172.774
176.709
182.645
184.779
190.731
194.599
198.534
202.518
208.521
214.49
218.474
224.376
228.295
238.248
244.15
246.235
250.103
258.022
260.04
262.174
264.158
266.075
269.96
273.895
275.996
279.914
285.883
289.784
295.786
297.837
299.721
301.738
303.806
305.723
307.774
309.708
325.631
327.448
331.533
333.483
337.418
341.403
349.389
355.325
359.376
361.244
363.244
365.178
371.297
375.099
377.083
385.102
393.105
394.906
401.058
402.842
410.979
412.879
414.83
424.7
426.668
438.706
440.59
442.59
446.659
448.576
458.563
462.364
466.349
468.4
474.452
480.271
482.372
484.256
486.357
492.175
494.193
496.21
500.128
504.163
