4.264
6.065
10.183
12.217
18.036
19.97
22.104
24.072
25.922
33.942
35.943
37.993
41.928
45.863
47.814
49.848
51.699
57.734
67.588
69.555
71.556
73.69
77.625
79.659
81.543
85.545
87.595
89.513
91.497
95.332
107.236
121.141
125.176
127.193
131.128
133.162
135.03
137.03
139.065
145.1
146.984
151.069
152.903
155.004
162.957
166.875
168.909
170.826
172.76
176.679
182.748
184.632
190.634
194.569
198.67
202.555
208.39
214.493
218.327
224.346
228.281
238.285
244.22
246.138
250.189
257.976
260.093
262.127
264.111
265.995
269.88
274.015
275.899
279.901
285.819
289.804
295.756
297.674
299.625
301.675
303.759
305.643
307.661
309.545
325.534
327.485
331.486
333.521
337.505
341.474
349.376
355.179
359.147
361.131
363.282
365.232
371.118
375.203
377.12
385.106
392.993
395.044
400.912
402.98
410.733
412.817
414.834
424.621
426.655
438.693
440.594
442.545
446.496
448.464
458.534
462.485
466.287
468.471
474.257
480.225
482.293
484.31
486.228
492.08
494.147
496.115
500.033
504.068
