4.161
6.162
10.097
12.214
18.016
20.001
22.051
23.935
26.036
33.939
35.956
38.007
41.792
45.827
47.777
49.845
51.812
57.681
67.685
69.635
71.636
73.62
77.555
79.556
81.64
85.625
87.492
89.543
91.544
95.412
107.266
121.338
125.189
127.207
131.075
133.042
135.043
137.127
138.994
144.997
147.114
150.932
152.949
154.917
162.92
166.905
168.855
170.873
172.807
176.658
182.644
184.628
190.63
194.632
198.533
202.534
208.537
214.439
218.357
224.259
228.294
238.281
244.233
246.167
250.202
258.088
260.006
261.956
263.94
266.124
270.059
273.944
276.028
279.963
285.915
289.767
295.802
297.753
299.804
301.821
303.805
305.739
307.623
309.707
325.63
327.63
331.582
333.566
337.534
341.419
349.322
355.357
359.309
361.226
363.177
365.228
371.113
375.115
377.232
385.135
393.105
394.972
400.891
402.992
410.928
412.778
414.829
424.8
426.784
438.738
440.572
442.623
446.491
448.642
458.479
462.497
466.348
468.366
474.368
480.287
482.204
484.271
486.322
492.124
494.142
496.226
500.244
504.212
