4.217
6.268
10.219
12.22
18.139
20.156
22.107
23.991
25.942
33.895
35.995
37.829
41.964
45.849
47.833
49.917
51.801
57.837
67.74
69.724
71.675
73.643
77.661
79.561
81.495
85.48
87.614
89.565
91.532
95.467
107.338
121.26
125.195
127.212
131.097
133.181
135.132
136.982
139.033
144.969
146.986
150.871
152.972
154.872
162.959
166.743
168.844
170.745
172.879
176.797
182.799
184.717
190.536
194.704
198.488
202.623
208.592
214.461
218.446
224.265
228.333
238.303
244.105
246.073
250.057
258.144
260.061
262.062
263.963
266.013
269.865
273.916
275.917
279.968
285.837
289.872
295.658
297.692
299.776
301.693
303.594
305.645
307.562
309.563
325.419
327.503
331.371
333.371
337.44
341.324
349.411
355.296
359.164
361.232
363.249
365.1
371.219
375.154
377.171
384.957
393.06
395.044
400.813
402.88
410.75
412.817
414.885
424.738
426.789
438.594
440.528
442.495
446.58
448.481
458.451
462.386
466.32
468.405
474.223
480.242
482.226
484.21
486.311
492.063
494.147
496.231
500.2
504.084
