4.184
6.151
10.053
12.153
18.105
20.039
21.94
24.108
25.908
34.044
35.895
37.846
41.864
45.949
47.733
49.733
51.717
57.753
67.59
69.64
71.624
73.542
77.627
79.477
81.595
85.463
87.597
89.564
91.465
95.416
107.271
121.276
125.277
127.261
131.046
133.063
135.197
137.165
139.099
145.067
147.085
151.053
153.07
154.971
162.84
166.775
168.943
170.777
172.877
176.845
182.664
184.815
190.767
194.685
198.57
202.638
208.473
214.409
218.544
224.296
228.414
238.251
244.269
246.17
250.171
258.158
260.192
261.992
264.16
265.96
269.962
273.897
275.914
280.049
285.868
289.852
295.854
297.888
299.856
301.707
303.824
305.725
307.692
309.676
325.498
327.649
331.55
333.601
337.586
341.354
349.29
355.426
359.41
361.394
363.362
365.329
371.165
375.083
377.15
385.103
393.022
394.923
400.959
402.926
410.979
412.796
414.847
424.817
426.801
438.605
440.539
442.723
446.642
448.659
458.529
462.514
466.399
468.316
474.451
480.354
482.221
484.222
486.172
492.291
494.259
496.109
500.127
504.162
