4.13
6.23
10.082
12.082
18.084
20.119
22.019
23.937
26.071
33.907
36.024
37.842
41.826
45.828
47.845
49.879
51.746
57.699
67.702
69.636
71.587
73.654
77.622
79.556
81.49
85.508
87.526
89.493
91.461
95.429
107.316
121.321
125.289
127.223
131.175
133.242
135.093
137.144
139.011
145.03
147.047
151.032
153.049
155.067
162.869
166.954
168.938
170.856
172.906
176.841
182.826
184.71
190.729
194.747
198.549
202.634
208.569
214.404
218.372
224.491
228.393
238.213
244.265
246.182
250.184
258.22
260.171
262.171
264.172
266.039
270.024
274.009
275.96
279.844
285.896
289.848
295.817
297.767
299.818
301.835
303.753
305.804
307.688
309.738
325.677
327.528
331.429
333.43
337.481
341.4
349.319
355.254
359.356
361.257
363.257
365.208
371.193
375.262
377.229
385.165
393.051
394.969
400.871
402.988
410.908
412.792
414.776
424.763
426.797
438.551
440.551
442.652
446.57
448.571
458.591
462.559
466.394
468.511
474.447
480.382
482.283
484.267
486.301
492.17
494.171
496.288
500.073
504.124
