4.108
6.075
10.243
12.061
18.129
20.147
21.998
23.982
26.049
33.968
35.986
37.82
41.988
45.773
47.757
49.874
51.775
57.76
67.764
69.615
71.632
73.583
77.501
79.551
81.469
85.454
87.504
89.422
91.489
95.524
107.428
121.133
125.134
127.169
131.087
133.187
135.121
137.122
139.106
144.992
147.042
151.01
152.878
154.895
162.831
166.749
168.817
170.851
172.718
176.803
182.688
184.622
190.608
194.509
198.561
202.462
208.414
214.366
218.368
224.437
228.388
238.325
244.161
246.061
250.013
258.066
260.1
262.05
264.001
265.952
269.953
274.005
275.989
279.79
285.842
289.844
295.679
297.696
299.647
301.598
303.582
305.683
307.717
309.517
325.456
327.407
331.325
333.509
337.427
341.379
349.315
355.134
359.252
361.102
363.153
365.187
371.006
375.074
377.158
384.978
392.931
394.981
400.767
402.784
410.687
412.788
414.655
424.575
426.576
438.63
440.448
442.565
446.566
448.517
458.337
462.322
466.29
468.224
474.343
480.245
482.129
484.113
486.131
492.116
494.134
496.034
499.969
503.937
