4.248
6.132
10.217
12.184
18.17
19.97
21.988
24.055
26.089
33.842
35.86
37.994
41.845
45.93
47.881
49.765
51.799
57.734
67.605
69.639
71.573
73.674
77.575
79.559
81.577
85.595
87.429
89.463
91.497
95.382
107.37
121.225
125.126
127.26
131.228
133.112
135.23
137.114
139.148
145.084
147.134
151.102
153.037
154.937
162.873
166.908
168.909
170.76
172.727
176.879
182.664
184.715
190.584
194.702
198.653
202.572
208.64
214.493
218.377
224.463
228.414
238.335
244.22
246.204
250.306
258.109
260.16
262.027
264.144
266.162
269.98
274.065
275.999
279.9
285.852
289.837
295.806
297.824
299.724
301.858
303.859
305.743
307.694
309.761
325.584
327.601
331.619
333.604
337.488
341.39
349.309
355.462
359.346
361.264
363.331
365.232
371.284
375.186
377.103
385.189
393.126
395.093
400.979
403.079
410.816
412.9
414.934
424.787
426.821
438.609
440.61
442.611
446.679
448.68
458.633
462.568
466.469
468.387
474.372
480.325
482.242
484.343
486.294
492.329
494.28
496.197
500.115
504.2
