4.18
6.18
10.182
12.149
18.035
20.152
22.119
23.97
25.921
33.89
35.941
37.925
41.81
45.878
47.862
49.896
51.697
57.699
67.736
69.587
71.704
73.605
77.673
79.674
81.608
85.559
87.543
89.427
91.461
95.446
107.417
121.222
125.29
127.174
131.159
133.043
135.194
137.178
139.045
145.047
147.015
151.033
152.983
155.051
162.837
166.772
168.856
170.79
172.774
176.892
182.811
184.795
190.58
194.665
198.55
202.601
208.587
214.572
218.54
224.309
228.444
238.264
244.25
246.217
250.185
258.155
260.055
262.139
264.007
266.124
269.909
273.96
275.978
279.996
285.965
289.916
295.718
297.819
299.686
301.787
303.671
305.805
307.639
309.673
325.512
327.496
331.498
333.382
337.417
341.435
349.288
355.323
359.208
361.325
363.309
365.227
371.195
375.097
377.181
385.101
393.087
394.954
400.823
402.807
410.86
412.861
414.861
424.731
426.732
438.57
440.521
442.538
446.506
448.523
458.36
462.362
466.48
468.414
474.416
480.352
482.336
484.153
486.22
492.156
494.19
496.107
500.059
504.143
