4.224
6.175
10.11
12.077
18.063
20.047
22.131
24.065
26.049
33.852
35.919
37.903
41.955
45.956
47.874
49.791
51.708
57.677
67.681
69.715
71.682
73.566
77.634
79.518
81.653
85.421
87.455
89.439
91.473
95.374
107.279
121.2
125.118
127.219
131.121
133.038
135.039
137.156
139.04
145.009
146.96
150.928
152.928
154.929
162.799
166.884
168.818
170.852
172.869
176.82
182.839
184.623
190.625
194.71
198.712
202.563
208.482
214.567
218.452
224.321
228.306
238.393
244.312
246.296
250.197
258.05
260.217
262.151
264.035
266.086
269.971
274.072
276.073
279.941
285.827
289.828
295.814
297.714
299.765
301.816
303.8
305.717
307.801
309.669
325.691
327.659
331.61
333.594
337.529
341.43
349.467
355.385
359.203
361.204
363.288
365.272
371.108
375.059
377.127
385.163
393.049
394.9
400.935
402.986
410.906
412.79
414.94
424.727
426.678
438.649
440.7
442.584
446.535
448.553
458.389
462.408
466.459
468.41
474.445
480.331
482.398
484.366
486.366
492.268
494.136
496.237
500.105
504.189
