4.238
6.239
10.191
12.141
18.16
20.128
22.145
24.029
25.946
33.983
35.917
37.917
41.935
45.853
47.787
49.788
51.806
57.758
67.745
69.729
71.696
73.73
77.682
79.516
81.666
85.451
87.585
89.569
91.42
95.371
107.342
121.181
125.265
127.116
131.051
133.068
135.069
137.12
139.104
145.006
147.023
151.075
152.942
155.026
162.962
166.847
168.848
170.865
172.716
176.817
182.703
184.703
190.606
194.707
198.625
202.61
208.512
214.414
218.449
224.284
228.452
238.223
244.308
246.142
250.077
258.197
260.181
262.098
264.115
266.033
269.967
274.069
275.936
280.021
285.806
289.775
295.693
297.827
299.661
301.762
303.78
305.63
307.664
309.748
325.654
327.571
331.506
333.474
337.475
341.476
349.446
355.231
359.199
361.367
363.184
365.302
371.287
375.155
377.223
384.992
392.912
394.946
400.848
402.865
410.868
412.919
414.77
424.806
426.74
438.545
440.629
442.58
446.598
448.532
458.569
462.52
466.305
468.489
474.441
480.226
482.344
484.328
486.195
492.097
494.115
496.149
500.084
504.068
