4.178
6.112
10.096
12.097
18.066
20.067
22.051
24.118
26.069
34.022
36.022
37.89
41.791
45.809
47.81
49.877
51.711
57.83
67.65
69.601
71.552
73.619
77.537
79.555
81.555
85.607
87.441
89.525
91.376
95.427
107.431
121.253
125.288
127.205
131.123
133.157
135.058
137.109
139.059
145.095
147.062
150.897
152.964
154.865
162.968
166.853
168.787
170.804
172.721
176.64
182.675
184.592
190.645
194.563
198.664
202.482
208.584
214.503
218.321
224.407
228.391
238.295
244.181
246.165
250.066
258.152
260.07
261.987
264.054
266.038
270.073
274.025
275.892
279.927
285.779
289.83
295.782
297.85
299.65
301.685
303.752
305.653
307.587
309.687
325.56
327.427
331.445
333.563
337.364
341.332
349.335
355.387
359.222
361.306
363.257
365.174
371.159
375.128
376.995
385.131
392.901
394.935
400.853
402.904
410.724
412.891
414.725
424.679
426.696
438.584
440.501
442.635
446.453
448.554
458.441
462.426
466.377
468.361
474.213
480.265
482.249
484.317
486.218
492.136
494.12
496.188
500.139
504.157
