4.284
6.218
10.186
12.104
18.139
20.073
22.057
24.091
25.942
33.978
36.012
37.879
41.781
45.816
47.9
49.9
51.868
57.837
67.757
69.674
71.658
73.592
77.51
79.511
81.562
85.596
87.464
89.381
91.565
95.333
107.404
121.126
125.127
127.228
131.046
133.197
135.031
137.032
139.032
144.984
147.035
151.07
153.021
154.955
162.991
166.942
168.76
170.76
172.744
176.712
182.781
184.615
190.684
194.569
198.704
202.522
208.424
214.459
218.427
224.496
228.448
238.251
244.136
246.137
250.089
258.158
260.059
262.01
263.96
266.144
269.946
273.981
275.898
279.849
285.918
289.936
295.805
297.789
299.79
301.69
303.691
305.625
307.793
309.66
325.532
327.45
331.434
333.602
337.47
341.355
349.324
355.343
359.194
361.278
363.279
365.18
371.232
375.083
377.234
385.187
393.106
394.94
400.893
403.01
410.979
412.797
414.898
424.684
426.852
438.656
440.64
442.707
446.509
448.61
458.53
462.531
466.483
468.35
474.302
480.421
482.255
484.189
486.29
492.225
494.259
496.16
500.211
504.163
