4.219
6.22
10.172
12.122
18.041
20.158
21.976
23.977
25.994
33.88
35.881
37.898
41.916
45.951
47.935
49.919
51.903
57.855
67.659
69.71
71.66
73.544
77.546
79.48
81.581
85.615
87.549
89.433
91.517
95.436
107.357
121.328
125.146
127.097
131.165
133.066
135.167
137.017
139.051
144.953
146.971
150.972
152.94
155.04
162.893
166.961
168.862
170.929
172.73
176.832
182.717
184.684
190.586
194.588
198.623
202.674
208.426
214.562
218.463
224.332
228.417
238.387
244.206
246.223
250.091
258.044
260.028
262.179
264.096
266.014
269.982
273.983
276.017
280.019
285.871
289.939
295.824
297.875
299.793
301.86
303.777
305.828
307.812
309.596
325.652
327.469
331.487
333.505
337.473
341.374
349.344
355.363
359.181
361.348
363.265
365.266
371.218
375.186
377.087
385.173
392.993
394.943
400.929
402.846
410.899
412.783
414.884
424.704
426.688
438.676
440.56
442.544
446.662
448.563
458.416
462.418
466.386
468.42
474.305
480.241
482.242
484.309
486.16
492.145
494.229
496.147
500.215
504.149
