4.241
6.125
10.193
12.077
18.163
20.147
22.014
24.015
26.049
34.019
35.936
38.02
41.938
45.823
47.907
49.875
51.809
57.811
67.598
69.715
71.633
73.567
77.685
79.519
81.653
85.638
87.572
89.472
91.54
95.375
107.279
121.351
125.152
127.27
131.238
133.255
135.223
137.173
139.174
145.059
147.127
151.062
152.912
154.963
162.849
166.951
168.935
170.752
172.72
176.788
182.69
184.774
190.743
194.661
198.562
202.631
208.516
214.518
218.536
224.339
228.423
238.227
244.146
246.18
250.098
258.018
260.018
262.019
264.153
266.137
270.105
273.923
275.874
279.859
285.961
289.946
295.815
297.866
299.866
301.8
303.768
305.668
307.702
309.637
325.576
327.56
331.495
333.429
337.547
341.398
349.384
355.287
359.338
361.172
363.189
365.257
371.159
375.261
377.211
385.014
392.984
394.968
400.87
402.904
410.79
412.841
414.925
424.695
426.679
438.634
440.668
442.502
446.62
448.621
458.424
462.393
466.477
468.311
474.264
480.332
482.333
484.234
486.168
492.287
494.221
496.105
500.056
504.041
