4.267
6.151
10.169
12.036
18.072
20.123
21.957
24.091
25.941
33.861
35.995
37.829
41.897
45.899
47.866
49.767
51.701
57.703
67.657
69.674
71.608
73.692
77.577
79.611
81.579
85.513
87.447
89.481
91.532
95.4
107.438
121.26
125.145
127.229
131.13
133.181
135.065
137.166
139.033
144.969
147.103
150.921
152.888
154.956
162.808
166.927
168.827
170.728
172.779
176.747
182.749
184.767
190.652
194.67
198.688
202.64
208.592
214.511
218.512
224.348
228.316
238.236
244.205
246.239
250.174
258.044
260.044
261.995
264.112
266.08
269.948
273.949
276.083
279.968
285.887
289.905
295.741
297.908
299.826
301.793
303.76
305.811
307.728
309.729
325.502
327.586
331.471
333.605
337.539
341.391
349.36
355.346
359.247
361.198
363.266
365.333
371.185
375.153
377.254
385.157
393.043
395.011
400.996
402.98
410.983
412.967
414.801
424.788
426.839
438.777
440.577
442.645
446.713
448.58
458.467
462.569
466.387
468.371
474.423
480.375
482.409
484.277
486.211
492.23
494.164
496.198
500.233
504.084
