4.221
6.139
10.24
12.091
18.076
20.127
22.011
24.012
25.979
33.932
35.999
37.85
41.885
45.886
47.87
49.854
51.738
57.657
67.627
69.645
71.629
73.73
77.581
79.615
81.499
85.55
87.434
89.435
91.453
95.504
107.442
121.213
125.298
127.249
131.217
133.184
135.102
137.219
139.07
145.105
147.073
151.007
153.058
155.042
162.828
166.88
168.964
170.931
172.882
176.7
182.669
184.753
190.638
194.69
198.641
202.493
208.445
214.43
218.415
224.334
228.285
238.189
244.258
246.292
250.293
258.229
260.197
262.181
264.031
266.166
269.984
273.918
275.886
279.887
285.823
289.924
295.876
297.86
299.794
301.862
303.812
305.846
307.647
309.715
325.537
327.504
331.506
333.506
337.391
341.393
349.362
355.398
359.282
361.266
363.234
365.268
371.187
375.171
377.122
385.175
393.111
395.129
400.997
402.965
411.001
412.902
414.769
424.723
426.707
438.694
440.678
442.579
446.597
448.531
458.485
462.536
466.538
468.505
474.324
480.276
482.293
484.294
486.211
492.197
494.231
496.265
500.266
504.084
