4.148
6.266
10.2
12.218
18.17
20.037
22.105
24.089
25.923
34.042
35.91
37.877
41.929
45.847
47.847
49.881
51.815
57.651
67.605
69.555
71.556
73.557
77.592
79.676
81.626
85.628
87.545
89.429
91.463
95.398
107.369
121.307
125.192
127.21
131.178
133.212
135.079
137.03
139.031
145.083
147
150.918
153.002
154.903
162.823
166.791
168.825
170.826
172.726
176.828
182.68
184.714
190.783
194.668
198.636
202.487
208.623
214.441
218.359
224.412
228.28
238.217
244.152
246.236
250.288
258.091
260.025
262.109
264.059
266.177
270.028
274.03
275.947
279.965
285.884
289.836
295.838
297.855
299.856
301.873
303.724
305.741
307.725
309.809
325.665
327.566
331.484
333.518
337.436
341.571
349.341
355.309
359.361
361.395
363.246
365.263
371.182
375.133
377.117
385.204
393.023
394.94
400.943
403.077
410.846
412.83
414.864
424.851
426.802
438.69
440.657
442.708
446.576
448.677
458.43
462.398
466.5
468.417
474.303
480.405
482.439
484.306
486.24
492.309
494.143
496.261
500.279
504.264
