4.282
6.266
10.151
12.135
18.004
20.155
22.056
24.09
26.024
34.01
35.994
37.978
41.829
45.898
47.832
49.816
51.816
57.702
67.622
69.623
71.707
73.691
77.592
79.577
81.577
85.445
87.496
89.48
91.381
95.449
107.303
121.158
125.243
127.127
131.195
133.113
134.997
137.098
139.032
144.917
146.968
150.953
152.953
154.937
162.907
166.742
168.809
170.726
172.727
176.662
182.697
184.565
190.667
194.568
198.52
202.571
208.424
214.409
218.36
224.363
228.397
238.334
244.22
246.221
250.155
258.025
260.159
262.01
263.96
266.028
269.879
273.881
275.881
279.8
285.835
289.887
295.672
297.839
299.673
301.641
303.725
305.692
307.726
309.544
325.566
327.45
331.468
333.486
337.321
341.422
349.242
355.31
359.245
361.229
363.147
365.181
371.133
375.101
377.185
385.105
392.874
395.042
400.827
402.794
410.864
412.915
414.832
424.652
426.703
438.591
440.558
442.526
446.627
448.494
458.448
462.5
466.318
468.318
474.421
480.323
482.34
484.207
486.175
492.194
494.061
496.179
500.13
504.015
