4.277
6.161
10.162
12.096
18.082
20.082
22.083
24.017
26.118
34.054
35.988
37.972
41.907
45.842
47.909
49.843
51.844
57.763
67.649
69.65
71.634
73.668
77.653
79.487
81.671
85.523
87.507
89.541
91.475
95.393
107.414
121.286
125.154
127.121
131.156
133.056
135.057
137.091
139.142
145.011
147.045
151.096
153.08
154.948
162.851
166.885
168.919
170.77
172.904
176.872
182.724
184.792
190.611
194.579
198.714
202.632
208.55
214.469
218.537
224.356
228.374
238.378
244.18
246.348
250.216
258.168
260.136
262.137
264.004
266.138
269.989
274.074
275.942
280.06
285.962
289.98
295.799
297.749
299.784
301.718
303.735
305.802
307.653
309.754
325.593
327.61
331.612
333.579
337.547
341.382
349.501
355.454
359.288
361.272
363.29
365.191
371.293
375.127
377.111
385.081
393.017
395.001
400.953
402.904
411.024
412.824
414.875
424.762
426.896
438.65
440.684
442.652
446.703
448.521
458.441
462.409
466.427
468.378
474.347
480.349
482.35
484.267
486.418
492.37
494.204
496.171
500.173
504.124
