4.267
6.201
10.086
12.187
18.022
20.023
21.99
24.124
25.925
33.978
35.945
37.846
41.831
45.765
47.766
49.9
51.701
57.67
67.59
69.591
71.691
73.575
77.594
79.644
81.562
85.53
87.614
89.448
91.465
95.55
107.421
121.226
125.211
127.261
131.263
133.08
135.098
137.082
139.016
144.951
146.952
150.887
153.054
155.005
162.908
166.876
168.893
170.794
172.861
176.763
182.748
184.615
190.751
194.619
198.604
202.522
208.391
214.409
218.428
224.43
228.381
238.285
244.22
246.288
250.206
258.092
259.993
262.06
264.027
266.045
270.03
273.914
276.048
279.85
285.935
289.87
295.739
297.79
299.824
301.658
303.708
305.659
307.793
309.694
325.633
327.634
331.568
333.402
337.537
341.422
349.308
355.294
359.245
361.229
363.163
365.264
371.099
375.084
377.068
385.088
392.907
395.075
400.977
402.827
410.897
412.814
414.898
424.669
426.786
438.607
440.591
442.558
446.627
448.527
458.447
462.482
466.45
468.301
474.27
480.189
482.323
484.29
486.224
492.193
494.277
496.144
500.129
504.147
