4.262
6.064
10.168
12.037
18.026
19.911
21.83
23.965
25.801
33.809
35.777
37.679
41.75
45.704
47.673
49.675
51.527
57.399
67.493
69.411
71.413
73.282
77.286
79.221
81.123
85.094
87.096
89.114
90.95
95.071
106.816
120.746
124.734
126.702
130.723
132.575
134.494
136.579
138.581
144.404
146.356
150.293
152.312
154.314
162.288
166.276
168.077
170.163
172.048
176.086
181.941
183.927
189.95
193.954
197.824
201.745
207.667
213.623
217.544
223.533
227.437
237.447
243.404
245.239
249.209
257.151
259.103
261.238
263.057
265.075
269.063
272.983
274.919
278.856
284.895
288.866
294.639
296.724
298.676
300.711
302.53
304.532
306.467
308.419
324.335
326.421
330.341
332.226
336.264
340.134
348.126
354.099
357.902
359.921
362.006
364.009
369.914
373.818
375.67
383.662
391.636
393.572
399.444
401.413
409.438
411.423
413.342
423.218
425.17
437.066
439.001
440.969
444.99
447.076
456.886
460.956
464.91
466.862
472.685
478.574
480.66
482.578
484.547
490.519
492.455
494.34
498.361
502.281
