4.083
6.201
10.202
12.153
18.155
20.123
22.107
24.041
26.075
33.861
36.028
37.829
41.814
45.915
47.933
49.883
51.734
57.67
67.623
69.591
71.741
73.575
77.61
79.644
81.612
85.563
87.58
89.548
91.499
95.533
107.404
121.143
125.194
127.162
131.18
133.114
135.031
137.215
139.099
144.985
147.135
151.07
153.021
155.055
162.841
166.943
168.91
170.761
172.745
176.73
182.832
184.799
190.601
194.553
198.621
202.489
208.591
214.393
218.461
224.38
228.398
238.235
244.121
246.255
250.14
258.042
260.093
262.111
264.145
266.145
270.03
274.048
275.916
280.017
285.903
289.754
295.84
297.807
299.791
301.708
303.809
305.693
307.761
309.595
325.6
327.451
331.436
333.42
337.538
341.339
349.242
355.245
359.279
361.263
363.131
365.115
371.117
375.035
377.052
384.989
393.058
395.059
401.028
402.962
410.831
412.932
414.783
424.82
426.704
438.558
440.709
442.676
446.544
448.512
458.432
462.5
466.502
468.402
474.421
480.373
482.324
484.225
486.142
492.244
494.278
496.246
500.147
504.065
