4.263
6.163
10.065
12.182
18.068
20.052
22.119
23.92
26.037
33.94
35.908
37.825
41.943
45.945
47.745
49.763
51.864
57.749
67.703
69.637
71.737
73.572
77.573
79.607
81.641
85.509
87.41
89.427
91.445
95.513
107.417
121.306
125.224
127.225
131.209
133.077
135.194
137.145
139.196
144.998
147.132
150.917
152.917
154.968
162.888
166.789
168.873
170.941
172.825
176.743
182.845
184.696
190.615
194.666
198.601
202.686
208.438
214.507
218.475
224.494
228.395
238.382
244.218
246.218
250.136
258.073
260.173
262.024
264.058
265.992
270.06
273.945
276.096
279.997
285.883
289.968
295.803
297.737
299.755
301.739
303.806
305.674
307.724
309.642
325.698
327.565
331.516
333.484
337.402
341.553
349.39
355.292
359.41
361.377
363.211
365.279
371.264
375.099
377.183
385.136
392.956
394.923
401.042
402.993
410.796
412.946
414.864
424.851
426.718
438.639
440.723
442.657
446.675
448.526
458.563
462.431
466.433
468.4
474.419
480.371
482.372
484.223
486.223
492.159
494.193
496.144
500.245
504.063
