4.203
6.221
10.139
12.173
18.175
20.076
22.06
23.944
26.011
33.897
35.865
37.932
41.967
45.768
47.936
49.853
51.804
57.739
67.743
69.577
71.694
73.545
77.58
79.647
81.564
85.499
87.5
89.434
91.385
95.369
107.407
121.245
125.163
127.164
131.116
133.083
135.184
137.101
139.169
145.104
147.021
150.889
152.957
155.008
162.977
166.778
168.846
170.863
172.847
176.699
182.801
184.602
190.754
194.538
198.557
202.541
208.443
214.562
218.364
224.433
228.401
238.304
244.306
246.274
250.158
258.128
260.129
261.996
264.164
265.981
269.966
273.967
275.868
279.836
285.971
289.856
295.825
297.792
299.71
301.744
303.711
305.628
307.663
309.613
325.586
327.536
331.504
333.589
337.44
341.391
349.478
355.28
359.381
361.298
363.249
365.333
371.119
375.27
377.071
385.007
392.96
394.944
400.996
403.03
410.916
412.767
414.884
424.705
426.689
438.676
440.727
442.644
446.646
448.63
458.584
462.568
466.503
468.504
474.473
480.391
482.242
484.359
486.193
492.279
494.28
496.147
500.098
504.083
