4.148
6.149
10.084
12.018
17.97
20.088
22.038
24.122
26.023
34.026
35.893
37.911
41.846
45.914
47.881
49.849
51.849
57.718
67.555
69.606
71.523
73.641
77.675
79.493
81.477
85.445
87.562
89.563
91.464
95.532
107.37
121.291
125.093
127.144
131.195
133.079
135.097
137.164
139.115
144.984
146.918
150.936
153.053
154.971
162.79
166.775
168.826
170.876
172.827
176.729
182.614
184.631
190.65
194.535
198.653
202.471
208.474
214.359
218.411
224.313
228.214
238.318
244.187
246.237
250.089
258.108
260.026
262.027
264.011
266.061
269.896
273.898
276.032
279.983
285.952
289.72
295.872
297.84
299.774
301.758
303.675
305.676
307.593
309.694
325.5
327.501
331.535
333.369
337.471
341.356
349.325
355.327
359.329
361.18
363.18
365.314
371.1
375.085
377.019
384.955
392.991
395.059
401.011
402.978
410.848
412.849
414.799
424.82
426.62
438.575
440.575
442.493
446.494
448.495
458.382
462.383
466.335
468.402
474.271
480.29
482.207
484.241
486.175
492.278
494.228
496.112
500.231
504.132
