4.218
6.102
10.237
12.087
18.056
19.974
22.024
24.008
25.942
33.862
35.93
37.847
41.965
45.75
47.734
49.885
51.802
57.738
67.742
69.576
71.626
73.544
77.629
79.546
81.513
85.515
87.482
89.483
91.384
95.469
107.323
121.295
125.18
127.197
131.232
133.05
135.15
137.084
139.069
145.104
146.988
150.906
153.04
154.841
162.978
166.912
168.88
170.881
172.831
176.866
182.618
184.752
190.571
194.69
198.591
202.659
208.528
214.414
218.499
224.451
228.236
238.323
244.242
246.076
250.127
258.114
260.064
262.015
264.066
266.033
269.935
273.97
275.854
279.972
285.941
289.842
295.661
297.678
299.829
301.647
303.597
305.665
307.766
309.633
325.439
327.606
331.425
333.525
337.477
341.328
349.281
355.25
359.218
361.269
363.253
365.154
371.19
375.124
377.008
385.095
393.081
394.949
400.834
402.902
410.771
412.889
414.806
424.827
426.661
438.615
440.649
442.6
446.635
448.586
458.389
462.524
466.476
468.426
474.412
480.364
482.315
484.149
486.2
492.285
494.269
496.087
500.172
504.123
