4.083
6.234
10.035
12.019
18.005
20.122
21.99
23.957
26.058
33.927
36.028
37.929
41.847
45.865
47.932
49.833
51.834
57.753
67.656
69.623
71.641
73.625
77.61
79.594
81.578
85.546
87.413
89.381
91.431
95.383
107.304
121.109
125.11
127.094
131.079
133.03
134.98
137.164
139.148
145.067
147.035
150.886
152.953
155.004
162.907
166.775
168.726
170.81
172.71
176.729
182.681
184.665
190.6
194.618
198.636
202.454
208.573
214.342
218.41
224.312
228.23
238.217
244.069
246.053
250.122
258.091
259.958
261.993
264.077
266.061
269.979
274.013
275.981
279.899
285.901
289.769
295.721
297.789
299.606
301.657
303.674
305.591
307.642
309.56
325.565
327.499
331.534
333.451
337.436
341.321
349.407
355.226
359.111
361.178
363.095
365.23
371.132
375.016
377.05
385.07
392.839
394.823
400.876
402.76
410.879
412.68
414.697
424.668
426.568
438.573
440.607
442.491
446.575
448.576
458.48
462.364
466.299
468.317
474.319
480.271
482.171
484.206
486.206
492.125
494.109
496.06
500.128
503.979
