4.225
6.259
10.244
12.028
17.997
20.148
22.115
24.066
26.017
33.886
35.987
37.988
41.972
45.957
47.908
49.759
51.893
57.728
67.582
69.699
71.55
73.701
77.569
79.636
81.637
85.605
87.506
89.423
91.507
95.408
107.43
121.351
125.253
127.27
131.205
133.089
135.206
137.124
139.041
145.06
146.977
150.929
152.979
154.93
162.866
166.851
168.752
170.869
172.87
176.788
182.707
184.624
190.693
194.711
198.546
202.464
208.483
214.485
218.337
224.439
228.257
238.244
244.163
246.197
250.065
258.018
260.068
262.053
264.053
266.071
270.055
273.974
275.891
279.826
285.845
289.929
295.815
297.882
299.733
301.7
303.668
305.635
307.702
309.753
325.526
327.443
331.394
333.529
337.463
341.365
349.368
355.27
359.288
361.239
363.256
365.14
371.192
375.21
377.194
385.114
393.017
394.984
400.92
402.937
410.923
412.824
414.825
424.712
426.679
438.65
440.684
442.585
446.486
448.454
458.474
462.442
466.394
468.278
474.43
480.299
482.233
484.2
486.318
492.153
494.087
496.171
500.089
504.057
