4.267
6.067
10.236
12.036
18.022
20.139
22.123
23.957
26.008
33.894
36.012
37.996
41.93
45.799
47.783
49.883
51.901
57.786
67.706
69.624
71.741
73.592
77.61
79.611
81.645
85.596
87.464
89.414
91.532
95.45
107.371
121.209
125.244
127.161
131.146
133.114
135.031
136.998
139.016
145.018
147.085
151.053
152.871
154.855
162.791
166.776
168.927
170.761
172.878
176.713
182.782
184.732
190.568
194.619
198.521
202.606
208.424
214.527
218.345
224.447
228.248
238.168
244.254
246.221
250.09
258.009
260.143
262.077
263.978
265.945
269.947
273.982
275.832
279.95
285.869
289.787
295.789
297.757
299.658
301.792
303.626
305.66
307.644
309.728
325.55
327.418
331.419
333.57
337.388
341.489
349.242
355.361
359.346
361.163
363.247
365.281
371.067
375.218
377.202
385.055
392.908
395.042
400.894
402.978
410.898
412.782
414.899
424.803
426.62
438.575
440.676
442.676
446.494
448.528
458.449
462.333
466.452
468.319
474.238
480.24
482.291
484.241
486.292
492.161
494.078
496.062
500.214
504.099
