4.143
6.194
10.162
12.096
18.065
20.049
22.016
24.034
25.918
33.904
35.971
37.855
41.94
45.758
47.926
49.726
51.727
57.779
67.6
69.684
71.684
73.602
77.67
79.671
81.538
85.456
87.507
89.458
91.525
95.393
107.347
121.219
125.137
127.155
131.189
133.073
135.024
137.025
138.976
145.044
147.045
151.03
153.031
154.848
162.784
166.886
168.82
170.837
172.871
176.739
182.641
184.609
190.694
194.662
198.614
202.532
208.467
214.336
218.338
224.34
228.225
238.178
244.297
246.198
250.199
258.086
260.086
261.987
264.088
265.955
270.057
273.991
276.042
279.86
285.829
289.864
295.849
297.783
299.834
301.635
303.702
305.719
307.704
309.771
325.477
327.494
331.512
333.463
337.498
341.349
349.369
355.371
359.172
361.206
363.207
365.208
371.16
375.161
377.079
385.148
392.901
394.902
400.871
402.921
410.824
412.825
414.809
424.846
426.78
438.668
440.518
442.703
446.637
448.488
458.492
462.476
466.445
468.329
474.447
480.2
482.217
484.318
486.235
492.271
494.088
496.172
500.24
504.025
