4.115
6.099
10.2
12.068
18.137
20.037
21.971
24.122
26.056
33.909
36.026
37.844
41.895
45.78
47.881
49.815
51.732
57.768
67.604
69.588
71.723
73.623
77.575
79.592
81.493
85.594
87.428
89.396
91.546
95.398
107.285
121.24
125.142
127.293
131.261
133.228
135.195
137.013
138.997
145.066
146.933
151.034
153.035
154.869
162.872
166.94
168.874
170.775
172.692
176.844
182.646
184.663
190.549
194.567
198.485
202.453
208.438
214.507
218.492
224.311
228.362
238.299
244.218
246.152
250.07
258.056
260.09
262.041
263.942
265.992
269.877
273.895
275.963
279.897
285.766
289.834
295.67
297.787
299.638
301.789
303.756
305.64
307.591
309.558
325.414
327.498
331.466
333.333
337.435
341.386
349.372
355.225
359.243
361.16
363.127
365.211
371.064
375.098
377.099
384.902
392.988
394.822
400.891
402.842
410.761
412.795
414.663
424.75
426.55
438.471
440.455
442.556
446.391
448.425
458.412
462.263
466.298
468.232
474.234
480.27
482.237
484.138
486.155
492.024
494.175
496.009
500.01
503.961
