4.203
6.17
10.138
12.022
18.008
20.075
22.059
23.943
26.044
33.88
35.864
37.882
41.9
45.868
47.819
49.719
51.687
57.739
67.709
69.576
71.594
73.711
77.629
79.497
81.447
85.416
87.416
89.484
91.384
95.419
107.29
121.212
125.23
127.114
131.066
133.15
135.117
137.101
139.135
144.971
146.921
150.889
153.024
154.924
162.777
166.945
168.829
170.763
172.864
176.849
182.618
184.618
190.754
194.522
198.64
202.525
208.56
214.363
218.431
224.35
228.384
238.338
244.274
246.208
250.092
258.029
260.029
262.047
264.081
266.081
270
273.984
275.968
279.903
285.855
289.924
295.809
297.726
299.66
301.778
303.679
305.663
307.747
309.731
325.537
327.571
331.539
333.539
337.474
341.509
349.345
355.414
359.199
361.2
363.25
365.134
371.153
375.238
377.139
385.058
393.078
394.895
400.897
403.015
410.784
412.885
414.769
424.706
426.807
438.578
440.679
442.663
446.614
448.631
458.418
462.436
466.388
468.472
474.324
480.393
482.36
484.211
486.362
492.114
494.198
496.282
500.217
504.052
