4.085
6.186
10.07
12.171
18.023
20.007
22.058
24.125
26.109
33.946
35.896
37.847
41.965
45.8
47.784
49.785
51.702
57.721
67.758
69.575
71.742
73.627
77.611
79.679
81.529
85.581
87.481
89.566
91.533
95.434
107.372
121.344
125.212
127.212
131.081
133.081
135.132
137.116
139.117
145.102
147.02
150.938
152.922
155.039
162.975
166.91
168.911
170.845
172.746
176.797
182.699
184.666
190.602
194.72
198.521
202.573
208.442
214.477
218.512
224.431
228.332
238.336
244.221
246.155
250.257
258.11
260.16
261.994
264.012
266.046
269.98
273.982
275.949
280.034
285.819
289.954
295.84
297.907
299.775
301.792
303.826
305.66
307.811
309.761
325.5
327.534
331.519
333.603
337.571
341.456
349.392
355.261
359.346
361.263
363.231
365.198
371.133
375.235
377.086
385.172
393.025
394.925
400.878
403.062
410.848
412.932
414.949
424.836
426.837
438.674
440.592
442.626
446.661
448.678
458.448
462.433
466.418
468.469
474.471
480.306
482.24
484.341
486.192
492.227
494.144
496.312
500.28
504.181
