4.06
6.045
10.133
12.001
18.024
19.926
21.878
23.913
25.915
33.874
35.809
37.811
41.665
45.552
47.537
49.656
51.591
57.464
67.457
69.426
71.411
73.397
77.201
79.153
81.288
85.109
87.111
89.179
91.081
94.918
106.847
120.845
124.632
126.634
130.705
132.673
134.692
136.661
138.446
144.452
146.404
150.341
152.293
154.312
162.286
166.157
168.276
170.094
172.096
176.15
181.923
184.025
189.931
193.868
197.889
201.826
207.799
213.672
217.609
223.448
227.419
237.429
243.268
245.37
249.191
257.249
259.151
261.153
263.105
265.157
269.044
272.948
274.883
278.921
284.927
288.814
294.82
296.739
298.657
300.559
302.645
304.48
306.565
308.501
324.4
326.419
330.239
332.191
336.229
340.216
348.041
354.08
358.017
359.953
361.988
363.806
369.946
373.867
375.719
383.626
391.651
393.52
399.459
401.528
409.486
411.405
413.373
423.367
425.269
437.13
439.199
440.984
445.005
446.924
457.001
460.921
464.792
466.76
472.633
478.639
480.624
482.61
484.645
490.568
492.536
494.438
498.492
502.346
