4.249
6.1
10.101
12.169
18.154
20.072
22.106
24.09
26.074
33.91
35.827
37.978
41.963
45.814
47.898
49.882
51.8
57.802
67.589
69.573
71.69
73.674
77.626
79.576
81.627
85.445
87.479
89.58
91.431
95.465
107.436
121.291
125.276
127.11
131.145
133.029
135.03
137.064
139.114
144.967
147.034
150.985
152.853
155.02
162.856
166.808
168.742
170.826
172.71
176.745
182.697
184.731
190.7
194.718
198.552
202.604
208.556
214.475
218.376
224.362
228.38
238.333
244.252
246.153
250.138
258.141
260.175
262.059
264.009
265.943
269.995
274.03
275.98
279.998
285.884
289.885
295.804
297.788
299.789
301.74
303.807
305.741
307.675
309.659
325.632
327.532
331.584
333.418
337.386
341.521
349.34
355.242
359.21
361.194
363.278
365.296
371.081
375.099
377.183
385.053
392.956
395.04
401.009
402.826
410.946
412.78
414.814
424.851
426.718
438.689
440.573
442.574
446.642
448.543
458.496
462.464
466.366
468.4
474.418
480.371
482.288
484.289
486.339
492.158
494.126
496.143
500.211
504.063
