4.085
6.169
10.221
12.155
18.09
20.058
21.992
23.992
26.06
34.013
35.98
37.914
41.915
45.917
47.768
49.918
51.802
57.671
67.641
69.559
71.609
73.543
77.595
79.562
81.563
85.548
87.498
89.449
91.55
95.335
107.389
121.327
125.262
127.213
131.181
133.082
135.049
137.1
139.1
145.053
146.97
151.021
153.005
155.056
162.876
166.827
168.761
170.778
172.696
176.681
182.633
184.7
190.736
194.52
198.555
202.657
208.425
214.528
218.462
224.481
228.433
238.203
244.288
246.239
250.19
258.06
260.044
262.145
264.112
266.013
269.931
273.982
275.966
279.951
285.92
289.771
295.857
297.724
299.675
301.826
303.81
305.794
307.661
309.612
325.651
327.468
331.586
333.537
337.539
341.407
349.41
355.262
359.313
361.347
363.331
365.315
371.284
375.119
377.186
385.039
393.059
394.909
400.928
402.812
410.765
412.932
414.866
424.653
426.687
438.658
440.676
442.51
446.611
448.562
458.516
462.5
466.502
468.419
474.388
480.223
482.191
484.258
486.159
492.161
494.245
496.062
500.147
504.065
