4.181
6.248
10.15
12.034
18.036
20.053
22.02
24.038
26.072
34.008
35.842
37.826
41.961
45.829
47.746
49.88
51.814
57.683
67.57
69.571
71.638
73.656
77.624
79.658
81.658
85.51
87.477
89.411
91.362
95.363
107.284
121.239
125.274
127.208
131.226
133.06
135.094
137.078
138.979
144.948
146.948
151.016
152.834
154.968
162.921
166.855
168.756
170.657
172.824
176.609
182.594
184.645
190.531
194.549
198.567
202.435
208.504
214.322
218.39
224.343
228.277
238.231
244.25
246.15
250.068
258.121
259.989
261.939
264.09
266.024
269.926
273.944
275.994
279.946
285.915
289.899
295.785
297.685
299.803
301.77
303.604
305.638
307.572
309.69
325.462
327.463
331.564
333.365
337.45
341.318
349.337
355.173
359.191
361.275
363.159
365.159
371.145
375.163
377.197
385.033
393.069
394.987
400.839
402.99
410.842
412.71
414.694
424.797
426.798
438.602
440.586
442.487
446.455
448.456
458.476
462.477
466.429
468.446
474.265
480.284
482.268
484.185
486.253
492.205
494.089
496.173
500.124
504.092
