4.253
6.17
10.072
12.106
18.108
20.025
22.076
24.077
26.027
33.997
35.881
37.848
41.983
45.951
47.835
49.819
51.753
57.756
67.659
69.61
71.744
73.595
77.496
79.58
81.631
85.482
87.6
89.45
91.384
95.519
107.374
121.345
125.247
127.247
131.182
133.133
135.117
137.068
139.135
145.087
147.138
151.056
152.923
154.991
162.91
166.778
168.813
170.913
172.864
176.899
182.834
184.785
190.737
194.622
198.657
202.491
208.527
214.446
218.414
224.349
228.417
238.388
244.257
246.191
250.309
258.062
260.129
262.046
264.147
266.048
270.083
273.917
275.968
279.886
285.872
289.89
295.825
297.759
299.843
301.861
303.778
305.846
307.63
309.78
325.486
327.52
331.488
333.622
337.524
341.475
349.445
355.447
359.415
361.382
363.3
365.3
371.253
375.171
377.271
385.174
393.144
394.978
400.947
402.864
410.834
412.801
414.918
424.705
426.706
438.677
440.728
442.662
446.513
448.564
458.501
462.402
466.554
468.438
474.407
480.359
482.243
484.394
486.244
492.23
494.181
496.198
500.183
504.151
