4.221
6.239
10.157
12.174
18.176
19.96
22.078
23.928
25.996
33.999
35.866
37.834
41.968
45.82
47.754
49.805
51.905
57.691
67.778
69.695
71.596
73.663
77.582
79.616
81.6
85.501
87.569
89.553
91.52
95.488
107.426
121.148
125.316
127.216
131.235
133.135
135.186
137.037
139.138
145.04
147.074
150.942
152.943
154.877
162.913
166.814
168.832
170.749
172.717
176.818
182.754
184.721
190.573
194.741
198.709
202.578
208.546
214.482
218.483
224.336
228.404
238.324
244.293
246.294
250.295
258.165
260.149
262.149
264.15
266.134
270.036
274.104
276.005
279.873
285.958
289.86
295.795
297.813
299.78
301.747
303.798
305.699
307.716
309.667
325.623
327.49
331.592
333.576
337.544
341.429
349.398
355.434
359.302
361.236
363.303
365.171
371.273
375.274
377.208
385.028
393.081
394.982
400.884
402.918
410.871
412.872
414.806
424.793
426.827
438.598
440.732
442.582
446.601
448.535
458.522
462.49
466.358
468.325
474.327
480.43
482.38
484.231
486.349
492.251
494.118
496.102
500.204
504.155
