4.109
6.093
10.078
12.129
18.165
19.965
21.999
24.083
26.001
33.92
35.971
37.872
41.923
45.791
47.775
49.843
51.744
57.662
67.616
69.65
71.701
73.635
77.686
79.487
81.488
85.456
87.557
89.407
91.575
95.493
107.297
121.219
125.187
127.255
131.106
133.157
135.041
137.125
139.042
144.928
146.979
151.03
153.014
154.982
162.835
166.819
168.787
170.888
172.705
176.673
182.692
184.593
190.728
194.63
198.598
202.466
208.385
214.404
218.455
224.441
228.225
238.229
244.181
246.232
250.1
258.02
260.07
262.021
264.005
265.939
269.891
273.875
275.876
279.978
285.83
289.898
295.784
297.834
299.752
301.752
303.703
305.637
307.655
309.722
325.461
327.562
331.497
333.397
337.416
341.467
349.337
355.239
359.29
361.174
363.125
365.142
371.095
375.046
376.997
385.083
392.953
395.037
400.906
402.873
410.776
412.743
414.761
424.798
426.765
438.686
440.654
442.588
446.539
448.473
458.544
462.495
466.296
468.464
474.416
480.302
482.252
484.27
486.304
492.239
494.257
496.224
500.076
504.06
