4.101
6.119
10.12
12.137
18.156
20.007
21.991
24.108
25.942
33.845
35.846
37.997
41.898
45.9
47.767
49.768
51.835
57.704
67.624
69.642
71.576
73.627
77.695
79.495
81.646
85.531
87.582
89.483
91.4
95.535
107.456
121.328
125.196
127.13
131.081
133.132
135.166
137.05
139.051
145.103
147.02
150.988
152.923
154.907
162.926
166.944
168.912
170.746
172.913
176.881
182.717
184.818
190.603
194.571
198.656
202.557
208.576
214.562
218.347
224.349
228.284
238.304
244.156
246.273
250.192
258.211
260.129
262.129
264.063
266.147
270.049
274.084
276.001
279.936
285.788
289.873
295.725
297.876
299.693
301.711
303.678
305.729
307.629
309.763
325.469
327.603
331.521
333.556
337.374
341.408
349.345
355.33
359.398
361.299
363.367
365.167
371.219
375.121
377.188
385.041
393.027
395.045
400.897
402.981
410.867
412.901
414.919
424.672
426.84
438.628
440.645
442.662
446.53
448.548
458.485
462.536
466.371
468.405
474.307
480.293
482.377
484.261
486.178
492.264
494.148
496.149
500.067
504.085
