4.097
6.197
10.049
12.016
18.168
20.002
21.987
23.987
25.955
33.958
35.858
38.009
41.844
45.862
47.863
49.863
51.697
57.816
67.603
69.621
71.605
73.522
77.673
79.641
81.592
85.543
87.477
89.394
91.462
95.347
107.301
121.289
125.241
127.175
131.126
133.06
135.161
137.062
139.012
145.065
147.032
150.9
153.018
154.902
162.938
166.839
168.873
170.724
172.725
176.676
182.712
184.712
190.598
194.616
198.651
202.602
208.571
214.357
218.425
224.31
228.212
238.315
244.134
246.235
250.186
258.172
260.14
262.124
264.125
265.942
270.06
273.895
275.846
279.93
285.949
289.801
295.703
297.787
299.654
301.638
303.606
305.656
307.707
309.625
325.614
327.448
331.532
333.366
337.468
341.469
349.239
355.258
359.193
361.31
363.311
365.178
371.18
375.115
377.049
385.085
392.905
394.956
400.874
402.875
410.878
412.862
414.846
424.8
426.75
438.621
440.622
442.523
446.541
448.558
458.429
462.463
466.331
468.399
474.418
480.203
482.371
484.171
486.155
492.274
494.092
496.092
500.227
504.162
