4.195
6.127
10.019
12.138
18.082
20.054
22.014
23.839
25.839
33.902
35.848
37.713
41.778
45.63
47.589
49.588
51.534
57.571
67.407
69.393
71.259
73.271
77.296
79.322
81.134
85.186
87.065
89.078
91.037
94.982
106.763
120.584
124.622
126.541
130.5
132.592
134.458
136.537
138.51
144.467
146.4
150.331
152.384
154.236
162.099
166.111
168.137
170.056
172.108
175.973
181.957
183.837
189.874
193.792
197.724
201.709
207.493
213.597
217.409
223.473
227.378
237.32
243.171
245.01
249.035
257.031
258.951
260.936
262.829
264.921
268.8
272.638
274.784
278.595
284.659
288.418
294.335
296.308
298.32
300.346
302.372
304.198
306.17
308.249
324.082
325.988
329.973
331.826
335.851
339.756
347.752
353.536
357.535
359.467
361.506
363.399
369.489
373.274
375.26
383.177
391.187
393.159
399.103
401.036
408.992
410.778
412.751
422.626
424.759
436.5
438.459
440.445
444.377
446.496
456.172
460.303
464.128
466.021
472.111
478.002
480.028
481.894
483.84
489.757
491.756
493.849
497.674
501.552
