4.134
6.201
10.203
12.104
18.022
20.04
22.04
24.125
26.009
33.978
35.929
37.846
41.981
45.833
47.883
49.884
51.785
57.704
67.557
69.591
71.592
73.559
77.511
79.578
81.579
85.614
87.398
89.549
91.516
95.451
107.372
121.16
125.245
127.196
131.097
133.081
135.149
136.999
138.967
145.102
146.953
150.938
153.005
154.973
162.892
166.86
168.811
170.912
172.746
176.847
182.816
184.767
190.736
194.521
198.672
202.64
208.592
214.361
218.329
224.332
228.25
238.32
244.189
246.14
250.158
258.094
260.061
261.995
264.113
265.98
270.015
273.916
275.9
279.869
285.938
289.822
295.691
297.675
299.709
301.627
303.711
305.711
307.762
309.63
325.585
327.519
331.488
333.405
337.523
341.441
349.261
355.23
359.214
361.315
363.316
365.25
371.152
375.204
377.188
384.941
393.044
394.961
400.863
402.981
410.883
412.918
414.718
424.739
426.623
438.594
440.661
442.478
446.463
448.614
458.534
462.436
466.404
468.305
474.257
480.276
482.176
484.26
486.311
492.097
494.197
496.048
500.15
504.184
