4.267
6.185
10.136
12.053
18.039
20.023
22.024
24.091
25.942
33.878
35.829
37.879
41.814
45.782
47.9
49.817
51.801
57.803
67.674
69.724
71.542
73.726
77.544
79.511
81.529
85.53
87.464
89.398
91.382
95.467
107.255
121.143
125.078
127.129
131.18
133.031
135.148
136.999
139
145.068
147.019
150.987
153.005
154.872
162.842
166.843
168.694
170.678
172.829
176.713
182.666
184.733
190.568
194.52
198.555
202.406
208.508
214.51
218.379
224.297
228.315
238.236
244.121
246.189
250.073
258.143
260.077
261.994
263.962
266.079
270.014
273.832
275.833
279.968
285.736
289.838
295.657
297.808
299.642
301.659
303.743
305.71
307.694
309.645
325.484
327.402
331.403
333.421
337.372
341.357
349.293
355.228
359.33
361.164
363.315
365.215
371.134
375.036
377.136
385.106
393.059
394.876
400.812
402.946
410.849
412.733
414.733
424.787
426.738
438.509
440.526
442.594
446.478
448.546
458.399
462.401
466.469
468.42
474.322
480.207
482.291
484.125
486.193
492.262
494.079
496.18
500.165
504.116
