4.261
6.095
10.246
12.047
18.049
20.133
21.984
24.118
26.119
33.905
35.872
37.906
41.841
45.759
47.826
49.81
51.844
57.78
67.6
69.734
71.752
73.569
77.654
79.554
81.588
85.573
87.591
89.575
91.542
95.543
107.448
121.286
125.287
127.305
131.223
133.157
135.074
137.175
139.025
145.028
147.095
151.013
152.98
154.898
162.834
166.969
168.803
170.903
172.771
176.772
182.841
184.742
190.627
194.762
198.58
202.648
208.5
214.452
218.387
224.389
228.374
238.277
244.213
246.147
250.182
258.151
260.102
262.069
264.136
265.987
270.072
274.057
276.007
279.909
285.827
289.912
295.831
297.798
299.749
301.8
303.751
305.868
307.685
309.669
325.542
327.626
331.494
333.444
337.563
341.547
349.4
355.319
359.42
361.321
363.272
365.339
371.258
375.126
377.243
385.213
393.166
395.016
401.102
403.086
410.989
412.839
414.807
424.727
426.844
438.798
440.632
442.716
446.651
448.685
458.439
462.423
466.542
468.376
474.444
480.447
482.381
484.348
486.365
492.201
494.335
496.202
500.27
504.205
