4.124
6.091
10.109
12.193
18.062
20.03
22.147
24.098
25.982
34.035
35.869
37.936
41.821
45.872
47.79
49.907
51.708
57.676
67.68
69.731
71.598
73.666
77.617
79.484
81.635
85.436
87.554
89.571
91.405
95.507
107.294
121.299
125.201
127.302
131.07
133.22
135.088
137.038
139.056
144.991
147.092
150.91
152.927
154.928
162.848
166.949
168.866
170.8
172.851
176.836
182.755
184.806
190.774
194.676
198.544
202.679
208.464
214.55
218.384
224.37
228.421
238.208
244.194
246.111
250.279
258.132
259.999
262.1
264.034
266.118
270.003
274.021
275.872
279.856
285.959
289.943
295.695
297.679
299.714
301.714
303.632
305.632
307.783
309.767
325.489
327.59
331.442
333.392
337.477
341.412
349.365
355.267
359.218
361.302
363.253
365.254
371.106
375.191
377.075
385.078
393.03
394.948
401
403.034
410.887
412.871
414.738
424.709
426.709
438.73
440.714
442.582
446.566
448.534
458.521
462.505
466.524
468.408
474.443
480.228
482.346
484.33
486.164
492.283
494.1
496.084
500.236
504.104
