4.103
6.139
10.193
12.011
18.101
19.886
21.988
23.907
25.926
33.817
35.736
37.721
41.658
45.562
47.714
49.566
51.552
57.541
67.318
69.387
71.389
73.341
77.245
79.263
81.165
85.086
87.088
89.023
91.009
94.913
106.875
120.839
124.826
126.778
130.599
132.651
134.57
136.555
138.64
144.413
146.549
150.436
152.304
154.256
162.231
166.252
168.221
170.123
172.225
175.995
182.085
184.07
189.993
193.947
197.817
201.771
207.661
213.767
217.721
223.51
227.481
237.358
243.381
245.299
249.236
257.111
259.113
261.232
263.067
265.186
269.007
272.894
274.913
278.833
284.956
288.777
294.733
296.702
298.737
300.572
302.524
304.676
306.478
308.547
324.396
326.448
330.352
332.204
336.342
340.279
348.171
353.977
357.964
360.066
362.018
363.987
369.943
373.863
375.849
383.623
391.548
393.584
399.456
401.458
409.466
411.418
413.354
423.297
425.149
437.211
439.13
441.115
444.986
446.905
456.815
460.835
464.739
466.825
472.731
478.72
480.656
482.574
484.676
490.566
492.434
494.52
498.44
502.294
