4.114
6.098
10.066
12.116
18.169
20.086
22.087
23.971
26.072
33.974
36.025
37.809
41.927
45.929
47.913
49.847
51.848
57.833
67.62
69.637
71.722
73.589
77.54
79.641
81.492
85.61
87.544
89.561
91.462
95.514
107.385
121.29
125.258
127.208
131.177
133.177
135.095
137.045
139.079
145.082
147.099
150.9
153.034
154.902
162.938
166.89
168.89
170.924
172.808
176.743
182.779
184.729
190.748
194.666
198.584
202.586
208.505
214.474
218.525
224.294
228.262
238.165
244.284
246.202
250.086
258.106
260.073
262.174
264.042
266.142
269.994
274.079
275.913
279.931
285.816
289.768
295.87
297.771
299.688
301.739
303.639
305.69
307.691
309.658
325.581
327.531
331.566
333.484
337.552
341.47
349.456
355.358
359.276
361.177
363.311
365.262
371.214
375.065
377.083
385.036
392.989
394.889
400.908
402.859
410.862
412.762
414.73
424.75
426.684
438.655
440.656
442.657
446.441
448.592
458.512
462.464
466.265
468.299
474.301
480.17
482.188
484.172
486.256
492.208
494.142
496.159
500.011
504.062
