4.205
6.272
10.19
12.091
17.977
20.011
22.095
23.995
26.013
33.932
36
37.934
41.969
45.92
47.871
49.721
51.739
57.841
67.611
69.612
71.746
73.613
77.582
79.666
81.633
85.434
87.468
89.486
91.537
95.505
107.359
121.247
125.082
127.2
131.184
133.102
135.169
136.986
138.97
145.039
147.09
150.975
152.976
154.926
162.862
166.814
168.715
170.765
172.866
176.651
182.72
184.62
190.639
194.641
198.509
202.594
208.429
214.548
218.316
224.385
228.27
238.223
244.225
246.159
250.178
258.147
260.014
262.015
264.066
266.117
270.001
273.903
275.853
279.838
285.94
289.759
295.794
297.828
299.812
301.813
303.747
305.814
307.698
309.699
325.471
327.489
331.59
333.391
337.409
341.461
349.313
355.399
359.2
361.218
363.169
365.269
371.138
375.173
377.224
385.126
393.063
394.897
400.949
403
410.936
412.937
414.771
424.841
426.725
438.613
440.647
442.547
446.482
448.533
458.486
462.505
466.523
468.373
474.259
480.311
482.262
484.196
486.247
492.149
494.199
496.1
500.152
504.136
