4.128
6.178
10.113
12.214
17.999
20.067
22.034
24.035
25.936
33.905
35.822
37.79
41.958
45.876
47.727
49.894
51.695
57.83
67.717
69.635
71.685
73.636
77.537
79.655
81.639
85.407
87.574
89.575
91.409
95.461
107.348
121.27
125.121
127.205
131.123
133.174
135.158
137.109
138.976
144.978
146.912
151.047
152.865
154.965
162.885
166.87
168.82
170.754
172.772
176.673
182.592
184.776
190.578
194.53
198.614
202.532
208.451
214.337
218.472
224.374
228.392
238.312
244.164
246.131
250.133
258.002
259.97
262.021
263.938
266.005
269.957
273.858
275.909
279.994
285.946
289.847
295.749
297.833
299.701
301.685
303.669
305.753
307.654
309.554
325.427
327.494
331.512
333.38
337.481
341.366
349.402
355.304
359.289
361.206
363.29
365.174
371.06
375.095
377.112
384.998
392.951
394.835
400.787
402.771
410.757
412.825
414.675
424.746
426.713
438.517
440.485
442.652
446.554
448.421
458.441
462.359
466.427
468.361
474.397
480.182
482.133
484.2
486.235
492.087
494.071
496.021
500.04
503.958
