4.204
6.188
10.189
12.157
18.126
20.01
22.06
23.978
25.995
33.915
35.832
37.999
41.884
45.936
47.82
49.754
51.854
57.857
67.66
69.578
71.562
73.629
77.63
79.481
81.632
85.517
87.551
89.535
91.452
95.437
107.375
121.28
125.164
127.265
131.083
133.251
135.118
137.136
139.17
145.072
147.122
151.024
153.041
154.909
162.945
166.846
168.83
170.948
172.932
176.867
182.652
184.82
190.672
194.573
198.708
202.593
208.445
214.48
218.415
224.434
228.335
238.322
244.174
246.292
250.093
258.13
260.08
262.148
264.182
265.982
270.101
273.935
275.919
280.038
285.923
289.958
295.81
297.877
299.745
301.829
303.78
305.764
307.731
309.732
325.504
327.521
331.606
333.424
337.442
341.51
349.446
355.315
359.2
361.334
363.335
365.319
371.104
375.105
377.073
385.142
393.062
395.029
400.898
402.849
410.818
412.919
414.937
424.824
426.774
438.712
440.596
442.63
446.665
448.499
458.469
462.554
466.405
468.373
474.442
480.26
482.345
484.262
486.246
492.315
494.299
496.183
500.068
504.152
