4.285
6.236
10.037
12.188
18.123
20.074
22.092
24.026
26.093
33.946
35.863
37.997
41.915
45.834
47.801
49.918
51.802
57.688
67.625
69.726
71.71
73.527
77.528
79.646
81.63
85.498
87.599
89.399
91.55
95.485
107.273
121.261
125.196
127.113
131.231
133.249
135.033
137.067
139.201
144.97
147.02
150.922
152.922
155.007
162.893
166.828
168.928
170.812
172.746
176.781
182.65
184.701
190.586
194.571
198.689
202.641
208.509
214.528
218.413
224.332
228.417
238.287
244.222
246.24
250.208
258.194
260.028
262.096
263.963
266.097
270.065
274.017
275.884
279.952
285.904
289.822
295.824
297.875
299.759
301.76
303.744
305.761
307.629
309.663
325.602
327.586
331.587
333.421
337.473
341.524
349.377
355.279
359.381
361.215
363.282
365.266
371.102
375.137
377.221
385.057
393.127
394.927
400.996
402.847
410.8
412.9
414.918
424.755
426.839
438.726
440.677
442.645
446.529
448.497
458.584
462.468
466.403
468.421
474.306
480.275
482.259
484.293
486.31
492.229
494.297
496.281
500.132
504.034
