4.097
6.098
10.116
12.15
18.119
20.12
22.07
24.104
26.055
33.908
35.875
37.993
41.877
45.862
47.813
49.764
51.764
57.75
67.67
69.571
71.705
73.655
77.49
79.541
81.592
85.593
87.577
89.494
91.462
95.347
107.401
121.256
125.291
127.208
131.143
133.194
135.144
137.045
139.079
144.948
147.015
150.883
153.034
154.851
162.854
166.922
168.856
170.874
172.724
176.726
182.778
184.745
190.614
194.549
198.517
202.519
208.454
214.489
218.458
224.41
228.328
238.298
244.234
246.284
250.086
258.022
260.023
262.04
264.091
265.975
270.093
274.011
276.045
279.83
285.882
289.833
295.752
297.819
299.67
301.738
303.788
305.722
307.756
309.64
325.63
327.497
331.598
333.532
337.35
341.435
349.305
355.324
359.308
361.326
363.276
365.144
371.079
375.147
377.115
385.118
393.037
395.021
400.873
402.941
410.794
412.761
414.828
424.832
426.833
438.67
440.588
442.688
446.506
448.657
458.477
462.529
466.497
468.348
474.333
480.369
482.236
484.27
486.321
492.239
494.157
496.241
500.092
504.027
