4.244
6.128
10.03
12.131
18.1
20.117
22.068
24.085
26.036
33.972
35.923
37.89
41.958
45.843
47.86
49.845
51.879
57.847
67.601
69.635
71.736
73.57
77.538
79.489
81.456
85.574
87.542
89.509
91.393
95.461
107.416
121.137
125.156
127.123
131.224
133.025
135.109
137.177
138.977
145.08
146.964
150.882
153.032
155
162.786
166.787
168.805
170.739
172.79
176.808
182.66
184.711
190.646
194.681
198.616
202.517
208.57
214.438
218.373
224.409
228.377
238.23
244.233
246.067
250.101
258.038
260.155
262.006
263.973
265.907
269.875
273.86
275.978
279.979
285.798
289.699
295.802
297.719
299.653
301.72
303.788
305.672
307.723
309.573
325.596
327.497
331.365
333.382
337.434
341.402
349.221
355.173
359.225
361.242
363.293
365.244
371.063
375.181
377.015
385.018
393.004
395.005
400.924
402.941
410.76
412.761
414.695
424.699
426.633
438.587
440.655
442.522
446.64
448.424
458.461
462.346
466.281
468.282
474.384
480.219
482.187
484.287
486.188
492.074
494.091
496.075
500.027
504.128
