4.117
6.134
10.119
12.22
18.155
20.056
21.99
23.974
25.925
34.011
35.912
37.946
41.947
45.882
47.783
49.85
51.767
57.67
67.69
69.557
71.558
73.559
77.693
79.494
81.578
85.496
87.547
89.381
91.532
95.4
107.237
121.126
125.161
127.211
131.163
133.197
135.081
137.065
138.982
145.001
147.018
151.053
152.904
154.905
162.891
166.842
168.743
170.71
172.678
176.779
182.598
184.782
190.567
194.686
198.487
202.622
208.591
214.476
218.311
224.446
228.248
238.151
244.253
246.154
250.206
258.092
259.976
261.993
264.011
265.961
270.063
273.931
275.848
279.833
285.785
289.903
295.822
297.656
299.74
301.791
303.742
305.726
307.61
309.577
325.483
327.467
331.401
333.336
337.37
341.455
349.375
355.21
359.111
361.112
363.23
365.18
371.182
375.001
377.018
384.921
392.974
394.891
400.843
402.844
410.847
412.681
414.748
424.652
426.686
438.623
440.624
442.492
446.426
448.577
458.464
462.315
466.4
468.318
474.37
480.155
482.223
484.223
486.191
492.109
494.177
496.061
500.012
503.93
