4.084
6.201
10.186
12.17
17.972
20.123
22.091
23.925
26.075
33.978
35.946
37.896
41.781
45.749
47.75
49.734
51.818
57.72
67.64
69.591
71.592
73.659
77.544
79.478
81.529
85.564
87.431
89.398
91.399
95.467
107.405
121.143
125.145
127.162
131.047
133.148
135.182
137.132
139.066
145.119
146.969
150.921
153.055
155.039
162.892
166.876
168.944
170.761
172.745
176.713
182.666
184.75
190.752
194.72
198.638
202.573
208.625
214.41
218.445
224.364
228.449
238.319
244.138
246.222
250.09
258.01
260.194
262.111
264.012
266.012
269.981
274.032
276.016
280.034
285.936
289.938
295.857
297.891
299.675
301.859
303.709
305.744
307.611
309.745
325.567
327.585
331.42
333.437
337.538
341.473
349.459
355.378
359.28
361.33
363.231
365.232
371.301
375.185
377.053
385.006
393.125
395.026
400.911
403.012
410.832
412.916
414.9
424.837
426.721
438.692
440.592
442.593
446.495
448.579
458.416
462.517
466.502
468.369
474.438
480.324
482.241
484.258
486.242
492.295
494.179
496.263
500.214
504.032
