4.209
6.177
10.195
12.212
18.114
19.965
22.082
24.033
26.117
34.037
36.004
37.921
41.823
45.958
47.758
49.926
51.876
57.678
67.665
69.633
71.7
73.601
77.552
79.519
81.654
85.555
87.439
89.49
91.39
95.425
107.263
121.201
125.086
127.12
131.238
133.155
135.073
137.19
138.991
144.993
147.094
151.012
152.862
155.013
162.799
166.867
168.751
170.902
172.836
176.738
182.773
184.657
190.526
194.627
198.495
202.497
208.499
214.434
218.336
224.371
228.423
238.276
244.178
246.246
250.247
258.167
260.051
262.151
263.935
266.119
269.971
273.922
275.873
279.924
285.893
289.761
295.697
297.781
299.715
301.815
303.816
305.6
307.668
309.668
325.541
327.575
331.593
333.56
337.478
341.446
349.366
355.368
359.303
361.237
363.321
365.288
371.19
375.158
377.076
385.145
392.981
394.999
400.834
402.952
410.821
412.822
414.756
424.726
426.76
438.531
440.715
442.699
446.517
448.635
458.488
462.489
466.374
468.492
474.377
480.246
482.297
484.347
486.331
492.2
494.234
496.218
500.086
504.021
