4.235
6.185
10.137
12.088
18.09
20.14
22.141
24.059
25.976
34.046
35.963
37.947
41.832
45.95
47.834
49.751
51.852
57.671
67.774
69.725
71.676
73.71
77.595
79.629
81.563
85.648
87.432
89.449
91.6
95.384
107.272
121.344
125.195
127.313
131.231
133.198
135.232
137.133
139.217
145.103
147.02
151.055
152.922
154.889
162.892
166.961
168.828
170.779
172.829
176.797
182.816
184.8
190.686
194.704
198.672
202.54
208.492
214.428
218.479
224.465
228.483
238.286
244.255
246.323
250.157
258.194
260.194
262.028
264.113
266.18
270.048
274.099
276.017
280.068
286.004
289.922
295.824
297.791
299.876
301.743
303.827
305.861
307.812
309.846
325.585
327.636
331.504
333.504
337.523
341.457
349.527
355.279
359.431
361.331
363.365
365.249
371.218
375.27
377.287
385.056
392.993
395.16
401.079
403.063
410.849
413
415.001
424.821
426.905
438.626
440.677
442.777
446.579
448.68
458.65
462.551
466.403
468.537
474.522
480.475
482.258
484.259
486.243
492.295
494.163
496.347
500.282
504.1
