4.263
6.097
10.065
12.032
18.151
20.119
22.053
23.937
26.054
33.957
35.958
37.875
41.893
45.828
47.745
49.713
51.714
57.799
67.636
69.553
71.571
73.588
77.573
79.49
81.508
85.509
87.477
89.394
91.478
95.38
107.317
121.139
125.29
127.108
131.143
133.06
135.211
137.111
139.045
145.114
146.932
151
153.034
154.985
162.804
166.806
168.94
170.74
172.724
176.759
182.661
184.829
190.681
194.716
198.517
202.619
208.554
214.49
218.424
224.493
228.328
238.315
244.234
246.251
250.169
258.105
260.056
262.024
264.058
266.142
270.026
274.078
276.029
279.98
285.832
289.9
295.869
297.787
299.821
301.755
303.689
305.689
307.774
309.791
325.563
327.581
331.466
333.466
337.551
341.386
349.322
355.324
359.409
361.26
363.26
365.311
371.213
375.231
377.182
385.102
393.155
395.055
401.008
403.058
410.995
412.845
414.896
424.9
426.867
438.771
440.639
442.706
446.708
448.692
458.445
462.447
466.515
468.349
474.401
480.253
482.371
484.255
486.272
492.207
494.192
496.142
500.277
504.145
