4.181
6.115
10.1
12.15
17.969
20.003
22.021
24.071
26.022
33.891
35.842
38.01
41.828
45.813
47.763
49.814
51.781
57.8
67.771
69.571
71.739
73.639
77.557
79.491
81.526
85.51
87.411
89.595
91.379
95.514
107.368
121.323
125.091
127.259
131.127
133.044
135.078
137.079
139.03
145.032
146.916
150.901
153.052
154.902
162.888
166.907
168.891
170.808
172.809
176.694
182.746
184.746
190.632
194.6
198.685
202.57
208.605
214.374
218.375
224.428
228.346
238.166
244.168
246.085
250.087
258.056
260.041
262.091
264.059
266.026
269.911
273.879
275.896
279.814
285.883
289.801
295.72
297.688
299.738
301.622
303.79
305.607
307.675
309.575
325.464
327.432
331.467
333.551
337.319
341.354
349.373
355.192
359.26
361.161
363.261
365.229
371.214
375.166
377
385.036
392.939
394.956
400.942
402.876
410.795
412.896
414.73
424.784
426.618
438.522
440.64
442.657
446.592
448.626
458.396
462.464
466.416
468.366
474.402
480.221
482.238
484.222
486.19
492.242
494.226
496.177
500.061
504.179
