4.204
6.238
10.173
12.174
18.059
20.143
22.061
23.995
26.079
33.865
36.015
37.866
41.851
45.769
47.82
49.82
51.804
57.84
67.76
69.594
71.561
73.662
77.647
79.598
81.532
85.616
87.517
89.401
91.585
95.437
107.458
121.196
125.197
127.148
131.083
133.2
135.117
137.135
139.152
145.104
146.938
150.923
152.907
155.024
162.861
166.779
168.879
170.93
172.847
176.799
182.784
184.818
190.72
194.605
198.523
202.491
208.577
214.529
218.48
224.382
228.234
238.354
244.139
246.173
250.192
258.194
259.978
262.079
264.063
265.98
270.082
273.967
275.851
280.002
285.954
289.939
295.808
297.742
299.676
301.76
303.827
305.611
307.762
309.746
325.552
327.469
331.504
333.454
337.456
341.507
349.427
355.346
359.364
361.248
363.248
365.266
371.268
375.219
377.087
385.056
393.076
395.026
401.012
403.012
410.799
412.833
414.767
424.754
426.638
438.558
440.676
442.61
446.561
448.629
458.466
462.4
466.318
468.369
474.388
480.34
482.257
484.158
486.175
492.211
494.128
496.096
500.214
504.032
