4.244
6.262
10.163
12.164
18.166
19.95
22.085
24.052
26.069
33.839
35.84
37.891
41.959
45.827
47.861
49.828
51.863
57.815
67.585
69.569
71.72
73.704
77.689
79.673
81.557
85.625
87.576
89.41
91.444
95.479
107.384
121.156
125.257
127.258
131.126
133.027
135.111
137.162
139.096
145.098
146.899
151.034
153.051
154.985
162.821
166.773
168.84
170.741
172.842
176.76
182.629
184.747
190.532
194.5
198.485
202.637
208.422
214.541
218.376
224.428
228.263
238.25
244.203
246.087
250.188
258.041
260.159
262.026
264.11
266.027
269.946
273.947
276.015
279.999
285.835
289.92
295.739
297.773
299.707
301.724
303.792
305.609
307.593
309.627
325.433
327.568
331.519
333.403
337.521
341.373
349.343
355.362
359.246
361.297
363.131
365.249
371.051
375.069
377.07
385.106
392.909
394.993
401.012
402.996
410.733
412.867
414.884
424.738
426.689
438.593
440.494
442.595
446.446
448.63
458.468
462.319
466.421
468.421
474.324
480.259
482.21
484.344
486.195
492.097
494.081
496.049
500.117
504.102
