4.184
6.084
10.069
12.153
18.105
20.156
22.057
24.074
25.908
34.044
35.828
37.979
41.914
45.915
47.799
49.717
51.701
57.736
67.59
69.724
71.725
73.692
77.66
79.644
81.578
85.546
87.497
89.581
91.549
95.5
107.388
121.143
125.228
127.078
131.18
133.18
135.014
137.099
139.116
145.118
147.019
151.02
153.004
154.888
162.841
166.876
168.81
170.844
172.762
176.863
182.715
184.633
190.651
194.669
198.654
202.456
208.425
214.527
218.411
224.414
228.348
238.269
244.271
246.188
250.24
258.176
260.127
262.027
264.161
266.129
270.08
274.065
275.966
279.984
285.903
289.921
295.773
297.79
299.741
301.858
303.776
305.727
307.677
309.595
325.584
327.501
331.619
333.42
337.488
341.473
349.259
355.378
359.196
361.23
363.197
365.165
371.15
375.219
377.036
384.989
392.992
394.992
400.878
402.879
410.948
412.816
414.85
424.837
426.821
438.675
440.576
442.676
446.661
448.562
458.465
462.384
466.435
468.369
474.238
480.257
482.357
484.358
486.176
492.194
494.128
496.112
500.097
504.182
