4.247
6.231
10.182
12.083
18.169
20.086
22.053
23.921
26.038
34.024
36.025
37.959
41.877
45.862
47.913
49.763
51.848
57.75
67.653
69.654
71.738
73.655
77.574
79.558
81.542
85.526
87.611
89.461
91.445
95.347
107.384
121.34
125.141
127.242
131.226
133.211
135.195
137.079
139.046
144.965
146.916
150.884
152.984
154.852
162.971
166.889
168.773
170.858
172.825
176.776
182.829
184.813
190.615
194.533
198.684
202.619
208.521
214.373
218.342
224.494
228.312
238.332
244.184
246.168
250.136
258.073
260.007
262.124
263.992
266.026
270.06
274.012
275.879
279.864
285.816
289.901
295.753
297.704
299.855
301.705
303.739
305.807
307.607
309.658
325.447
327.498
331.516
333.567
337.518
341.32
349.406
355.341
359.176
361.344
363.228
365.295
371.064
375.132
377.199
385.069
392.905
394.939
401.008
402.875
410.928
412.812
414.746
424.7
426.801
438.572
440.556
442.54
446.591
448.475
458.546
462.364
466.449
468.433
474.368
480.37
482.171
484.188
486.172
492.191
494.142
496.109
500.111
504.129
