4.273
6.223
10.225
12.192
18.078
20.062
22.029
24.063
26.097
33.967
35.884
37.968
41.786
45.938
47.922
49.722
51.84
57.709
67.646
69.563
71.714
73.664
77.566
79.683
81.617
85.619
87.453
89.603
91.487
95.506
107.36
121.248
125.166
127.084
131.118
133.236
135.186
137.02
139.005
145.057
147.041
151.025
152.943
154.927
162.88
166.798
168.932
170.799
172.767
176.818
182.72
184.754
190.723
194.641
198.526
202.461
208.513
214.498
218.35
224.385
228.27
238.24
244.209
246.093
250.078
258.097
260.031
261.965
264.083
266.017
269.985
273.92
275.854
279.922
285.824
289.742
295.811
297.728
299.712
301.713
303.664
305.731
307.782
309.566
325.622
327.622
331.457
333.474
337.426
341.511
349.363
355.399
359.317
361.301
363.335
365.169
371.205
375.139
377.107
385.11
393.029
394.913
400.849
402.883
410.786
412.903
414.887
424.774
426.825
438.629
440.646
442.58
446.532
448.532
458.519
462.404
466.439
468.406
474.242
480.227
482.245
484.195
486.246
492.232
494.099
496.266
500.134
504.086
