4.1
6.218
10.052
12.136
18.039
20.123
22.04
24.124
26.108
33.844
35.962
37.929
41.931
45.915
47.749
49.717
51.701
57.686
67.74
69.591
71.741
73.642
77.56
79.494
81.612
85.446
87.497
89.414
91.482
95.367
107.438
121.159
125.228
127.212
131.163
133.08
135.164
137.132
139.183
144.968
146.935
151.104
153.021
155.005
162.858
166.893
168.86
170.777
172.828
176.796
182.732
184.699
190.635
194.569
198.588
202.489
208.525
214.477
218.545
224.347
228.432
238.269
244.204
246.188
250.19
258.209
260.043
262.061
264.195
266.145
270.147
273.915
275.999
280.001
285.936
289.954
295.823
297.824
299.758
301.858
303.676
305.71
307.844
309.778
325.684
327.668
331.553
333.62
337.421
341.406
349.476
355.311
359.246
361.297
363.231
365.332
371.2
375.118
377.236
385.022
392.958
394.942
400.978
403.029
411.015
412.966
414.983
424.887
426.871
438.608
440.609
442.56
446.578
448.645
458.582
462.5
466.468
468.469
474.438
480.323
482.291
484.225
486.359
492.228
494.195
496.163
500.097
504.199
