4.195
6.163
10.164
12.082
18.151
20.018
22.102
24.12
26.054
33.923
35.841
37.891
41.843
45.928
47.929
49.713
51.697
57.799
67.719
69.737
71.621
73.538
77.54
79.491
81.525
85.526
87.61
89.511
91.512
95.38
107.318
121.307
125.208
127.125
131.077
133.194
135.078
136.996
139.013
145.016
147.066
150.968
152.985
155.019
162.789
166.907
168.775
170.875
172.893
176.761
182.83
184.714
190.75
194.585
198.636
202.588
208.54
214.542
218.444
224.413
228.414
238.218
244.32
246.171
250.156
258.059
260.176
262.16
263.961
266.012
270.063
273.948
275.999
279.934
285.836
289.838
295.806
297.741
299.858
301.809
303.743
305.727
307.644
309.778
325.635
327.585
331.437
333.487
337.372
341.34
349.444
355.262
359.231
361.215
363.316
365.3
371.152
375.087
377.204
385.14
392.927
394.961
401.047
402.931
410.9
412.801
414.835
424.689
426.723
438.678
440.595
442.629
446.631
448.681
458.402
462.37
466.422
468.422
474.325
480.36
482.344
484.212
486.346
492.298
494.232
496.183
500.234
504.203
