4.152
6.103
10.171
12.038
18.057
20.158
21.959
23.993
26.06
33.913
35.897
37.964
41.966
45.751
47.751
49.719
51.886
57.705
67.675
69.643
71.543
73.728
77.579
79.68
81.514
85.565
87.616
89.417
91.501
95.352
107.29
121.195
125.296
127.097
131.115
133.099
135.217
137.134
139.051
145.103
147.004
150.939
153.023
154.924
162.827
166.911
168.762
170.779
172.914
176.765
182.834
184.835
190.653
194.588
198.656
202.591
208.493
214.429
218.564
224.466
228.284
238.287
244.323
246.34
250.142
258.211
260.112
262.213
264.047
266.164
270.149
274
276.034
280.069
285.971
289.89
295.942
297.759
299.776
301.794
303.711
305.862
307.696
309.813
325.703
327.537
331.521
333.589
337.407
341.475
349.495
355.347
359.415
361.249
363.383
365.334
371.286
375.187
377.288
385.074
393.144
395.078
400.963
402.914
410.85
412.868
414.835
424.889
426.889
438.61
440.661
442.745
446.647
448.697
458.568
462.502
466.537
468.455
474.39
480.392
482.376
484.327
486.394
492.196
494.147
496.281
500.166
504.134
