4.176
6.194
10.062
12.112
18.165
20.165
22.016
24.1
26.034
33.854
36.021
37.855
41.873
45.941
47.909
49.859
51.743
57.812
67.699
69.7
71.601
73.735
77.536
79.504
81.554
85.589
87.556
89.607
91.391
95.459
107.43
121.335
125.153
127.254
131.239
133.256
135.14
137.091
139.092
145.011
146.995
151.013
152.864
154.914
162.784
166.869
168.886
170.87
172.804
176.706
182.808
184.625
190.711
194.612
198.664
202.615
208.567
214.336
218.404
224.44
228.241
238.245
244.23
246.281
250.066
258.135
260.036
261.953
264.037
266.021
270.006
273.974
275.842
279.976
285.762
289.83
295.782
297.75
299.684
301.651
303.618
305.719
307.753
309.687
325.443
327.444
331.579
333.429
337.481
341.332
349.252
355.187
359.172
361.289
363.207
365.157
371.243
375.028
377.078
385.131
392.918
394.918
400.887
402.988
410.941
412.808
414.759
424.629
426.763
438.551
440.568
442.519
446.554
448.488
458.491
462.526
466.378
468.445
474.381
480.366
482.3
484.201
486.268
492.104
494.104
496.222
500.157
504.141
