4.171
6.205
10.124
12.058
18.143
20.044
21.945
24.079
25.979
33.899
35.933
37.817
41.885
45.937
47.804
49.788
51.755
57.774
67.694
69.745
71.746
73.58
77.548
79.565
81.583
85.501
87.585
89.586
91.586
95.521
107.442
121.331
125.182
127.199
131.234
133.218
135.169
137.12
139.187
144.956
147.04
151.008
152.959
154.943
162.846
166.797
168.748
170.782
172.783
176.801
182.753
184.754
190.656
194.624
198.609
202.677
208.579
214.398
218.516
224.451
228.369
238.29
244.192
246.126
250.227
258.147
260.047
262.148
263.966
266.083
269.968
274.019
276.07
280.021
285.974
289.892
295.86
297.778
299.695
301.679
303.747
305.647
307.631
309.599
325.488
327.505
331.507
333.457
337.392
341.444
349.463
355.432
359.217
361.351
363.185
365.319
371.221
375.189
377.257
385.009
392.946
394.996
400.999
403.049
410.986
412.936
414.887
424.724
426.691
438.696
440.58
442.697
446.598
448.549
458.536
462.538
466.506
468.323
474.292
480.427
482.278
484.195
486.18
492.315
494.249
496.183
500.085
504.203
