4.211
6.128
10.079
12.03
18.049
20.15
22.017
23.951
25.985
33.888
36.005
37.956
41.924
45.942
47.91
49.794
51.728
57.713
67.734
69.551
71.668
73.686
77.554
79.588
81.505
85.523
87.474
89.558
91.542
95.444
107.415
121.22
125.104
127.088
131.123
133.191
135.091
137.025
139.126
145.112
147.046
150.897
152.948
154.898
162.935
166.753
168.72
170.704
172.855
176.823
182.692
184.592
190.661
194.663
198.681
202.482
208.551
214.553
218.471
224.307
228.358
238.178
244.247
246.098
250.083
258.119
260.036
262.17
264.121
266.005
269.906
274.025
276.025
279.927
285.929
289.814
295.849
297.85
299.717
301.835
303.785
305.669
307.703
309.587
325.593
327.594
331.479
333.596
337.381
341.416
349.469
355.337
359.372
361.306
363.34
365.308
371.11
375.178
377.145
385.098
392.951
394.968
401.02
402.988
410.807
412.941
414.859
424.679
426.63
438.734
440.651
442.602
446.47
448.588
458.408
462.359
466.394
468.328
474.414
480.316
482.383
484.167
486.184
492.153
494.187
496.138
500.089
504.191
