4.147
6.165
10.233
12.217
18.069
19.953
22.021
24.105
25.905
34.008
36.026
37.893
41.778
45.879
47.83
49.781
51.781
57.65
67.637
69.738
71.622
73.523
77.591
79.508
81.509
85.627
87.511
89.578
91.429
95.447
107.302
121.29
125.108
127.192
131.094
133.178
135.028
137.046
139.03
144.999
147.083
151.068
153.068
154.869
162.822
166.773
168.891
170.725
172.825
176.727
182.712
184.696
190.715
194.7
198.568
202.57
208.588
214.357
218.309
224.311
228.229
238.299
244.218
246.169
250.154
258.073
260.074
262.158
264.009
266.043
270.044
273.896
275.946
279.998
285.9
289.801
295.72
297.821
299.838
301.822
303.623
305.674
307.741
309.775
325.498
327.632
331.567
333.467
337.419
341.52
349.256
355.242
359.293
361.327
363.195
365.262
371.131
375.182
377.116
385.119
392.906
394.923
400.875
402.909
410.779
412.863
414.83
424.684
426.634
438.555
440.69
442.54
446.642
448.659
458.379
462.364
466.416
468.483
474.402
480.187
482.371
484.339
486.34
492.258
494.092
496.11
500.145
504.113
