4.118
6.252
10.17
12.038
18.007
20.107
21.991
23.959
26.026
33.846
35.913
37.964
41.815
45.75
47.884
49.918
51.886
57.838
67.741
69.725
71.609
73.56
77.495
79.679
81.546
85.464
87.499
89.466
91.383
95.485
107.356
121.311
125.246
127.246
131.198
133.065
135.149
137.117
139.167
145.119
147.087
150.938
152.972
155.023
162.843
166.811
168.911
170.762
172.863
176.798
182.733
184.767
190.603
194.521
198.689
202.474
208.493
214.395
218.446
224.348
228.433
238.303
244.222
246.19
250.274
258.044
260.078
262.162
264.046
266.08
269.948
273.983
275.95
280.019
285.804
289.872
295.741
297.692
299.842
301.676
303.644
305.811
307.662
309.629
325.518
327.586
331.571
333.505
337.389
341.441
349.46
355.346
359.347
361.331
363.149
365.333
371.202
375.136
377.204
384.99
392.943
394.977
400.879
402.896
410.766
412.85
414.851
424.854
426.722
438.593
440.577
442.694
446.579
448.596
458.467
462.385
466.453
468.37
474.406
480.291
482.259
484.326
486.21
492.162
494.23
496.214
500.165
504.083
