4.103
6.271
10.139
12.023
18.008
19.976
21.976
24.094
25.928
33.964
35.915
37.915
41.817
45.952
47.886
49.77
51.887
57.756
67.626
69.744
71.678
73.595
77.513
79.497
81.565
85.616
87.417
89.417
91.485
95.37
107.391
121.246
125.214
127.181
131.082
133.066
135.184
137.068
138.985
145.071
147.055
150.873
152.924
155.041
162.844
166.879
168.829
170.747
172.731
176.749
182.751
184.752
190.654
194.722
198.64
202.642
208.544
214.429
218.314
224.449
228.267
238.254
244.257
246.241
250.159
258.078
260.062
261.98
264.047
266.031
269.966
273.984
275.885
279.919
285.788
289.94
295.792
297.859
299.843
301.777
303.628
305.762
307.763
309.68
325.586
327.587
331.555
333.455
337.357
341.492
349.461
355.413
359.331
361.215
363.199
365.217
371.186
375.07
377.154
385.107
392.944
395.011
400.946
403.03
410.95
412.951
414.901
424.855
426.722
438.577
440.627
442.611
446.596
448.564
458.4
462.535
466.403
468.371
474.406
480.342
482.259
484.36
486.261
492.163
494.263
496.281
500.049
504.217
