4.155
6.241
9.994
12.047
18.036
19.938
21.84
23.942
25.827
33.752
35.854
37.723
41.643
45.714
47.583
49.501
51.57
57.443
67.303
69.405
71.257
73.275
77.263
79.332
81.25
85.204
87.056
89.142
90.977
95.014
106.876
120.84
124.711
126.63
130.684
132.586
134.588
136.656
138.458
144.498
146.383
150.337
152.339
154.291
162.166
166.287
168.289
170.124
172.159
176.063
182.086
183.938
189.961
193.798
197.852
201.789
207.812
213.701
217.689
223.611
227.599
237.342
243.465
245.334
249.271
257.129
259.214
261.116
263.118
265.07
268.941
272.928
274.997
279.018
284.874
288.861
294.7
296.819
298.704
300.723
302.558
304.66
306.529
308.631
324.464
326.266
330.403
332.205
336.176
340.113
348.038
354.127
358.081
360.017
361.919
363.837
369.893
373.747
375.766
383.774
391.699
393.668
399.473
401.492
409.45
411.335
413.438
423.364
425.283
437.212
439.08
441.032
445.086
446.955
456.865
460.869
464.84
466.792
472.681
478.771
480.639
482.591
484.493
490.533
492.585
494.403
498.324
502.261
