4.165
6.249
10.234
12.034
18.07
20.037
22.088
24.089
25.973
34.042
35.843
37.844
41.962
45.78
47.797
49.915
51.882
57.751
67.771
69.739
71.589
73.59
77.591
79.609
81.459
85.578
87.462
89.462
91.396
95.348
107.369
121.307
125.142
127.209
131.044
133.212
135.096
137.096
139.097
145.033
147
150.918
152.935
154.836
162.906
166.824
168.858
170.692
172.793
176.744
182.646
184.58
190.683
194.467
198.502
202.47
208.522
214.491
218.293
224.378
228.313
238.1
244.102
246.019
250.187
258.04
260.074
261.958
263.892
266.027
269.861
273.979
275.847
279.932
285.884
289.669
295.737
297.721
299.705
301.656
303.574
305.724
307.575
309.642
325.548
327.566
331.484
333.334
337.453
341.287
349.19
355.276
359.127
361.144
363.279
365.196
371.115
375.15
376.967
385.037
392.873
394.923
400.776
402.843
410.763
412.847
414.714
424.668
426.685
438.573
440.54
442.624
446.526
448.593
458.43
462.481
466.416
468.383
474.202
480.271
482.138
484.123
486.19
492.092
494.226
496.094
500.178
503.946
