4.258
6.242
10.16
12.194
18.08
19.997
21.964
24.082
25.983
34.019
36.036
37.954
41.855
45.94
47.774
49.791
51.859
57.711
67.698
69.648
71.683
73.733
77.668
79.535
81.569
85.621
87.622
89.406
91.44
95.425
107.379
121.184
125.185
127.253
131.188
133.188
135.089
137.023
139.14
145.159
146.993
150.945
152.995
154.93
162.832
166.884
168.785
170.752
172.919
176.787
182.84
184.774
190.726
194.761
198.629
202.664
208.616
214.501
218.569
224.505
228.373
238.226
244.362
246.296
250.298
258.067
260.118
262.119
264.036
266.153
270.155
273.939
275.907
279.925
285.86
289.845
295.814
297.765
299.866
301.816
303.7
305.734
307.785
309.702
325.592
327.526
331.477
333.645
337.479
341.464
349.434
355.269
359.437
361.238
363.255
365.273
371.308
375.243
377.244
385.08
392.983
395.034
400.919
403.07
410.889
412.907
414.807
424.811
426.745
438.666
440.667
442.751
446.569
448.536
458.64
462.525
466.56
468.46
474.379
480.465
482.265
484.399
486.283
492.169
494.27
496.337
500.155
504.24
