4.193
6.177
10.245
12.096
18.081
19.982
21.966
24.083
26.118
34.037
35.888
37.955
41.806
45.758
47.892
49.843
51.81
57.795
67.749
69.716
71.567
73.668
77.569
79.52
81.471
85.572
87.589
89.473
91.391
95.526
107.33
121.168
125.27
127.087
131.155
133.139
135.073
137.024
139.041
144.96
147.027
150.879
152.996
155.03
162.8
166.851
168.752
170.769
172.836
176.671
182.723
184.707
190.559
194.644
198.662
202.48
208.566
214.368
218.369
224.271
228.406
238.276
244.262
246.213
250.081
258.05
260.101
261.935
264.086
266.053
269.904
273.972
275.99
279.958
285.743
289.711
295.714
297.698
299.798
301.699
303.583
305.667
307.718
309.652
325.474
327.508
331.376
333.344
337.362
341.33
349.299
355.201
359.32
361.32
363.138
365.172
371.057
375.192
377.026
384.962
393.015
394.932
400.984
402.918
410.721
412.905
414.706
424.776
426.61
438.564
440.682
442.482
446.584
448.601
458.421
462.356
466.291
468.342
474.227
480.313
482.33
484.131
486.181
492.15
494.118
496.152
500.12
504.071
