4.261
6.229
10.097
12.014
18.166
20.15
22.018
23.935
25.986
33.905
35.939
37.99
41.825
45.843
47.877
49.778
51.695
57.831
67.651
69.618
71.619
73.553
77.588
79.622
81.556
85.474
87.542
89.576
91.51
95.461
107.332
121.321
125.239
127.156
131.041
133.158
135.126
137.193
139.01
145.013
146.98
151.048
152.999
154.833
162.836
166.87
168.871
170.905
172.723
176.857
182.693
184.71
190.646
194.681
198.582
202.5
208.419
214.471
218.439
224.358
228.426
238.18
244.199
246.133
250.068
258.12
260.138
262.172
264.056
266.123
270.008
274.076
276.01
279.878
285.881
289.765
295.784
297.835
299.702
301.686
303.787
305.771
307.772
309.656
325.495
327.496
331.547
333.548
337.349
341.351
349.404
355.389
359.374
361.291
363.142
365.16
371.278
375.046
377.064
385.017
392.97
394.987
400.939
402.873
410.776
412.777
414.778
424.798
426.799
438.736
440.554
442.554
446.589
448.607
458.377
462.412
466.33
468.447
474.416
480.252
482.302
484.353
486.287
492.256
494.223
496.207
500.159
504.16
