4.195
6.079
10.197
12.181
18.083
20.151
22.118
24.019
26.036
33.922
35.84
37.857
41.908
45.81
47.877
49.778
51.712
57.714
67.601
69.635
71.619
73.587
77.488
79.589
81.473
85.474
87.508
89.492
91.376
95.328
107.432
121.287
125.272
127.123
131.141
133.042
135.142
137.16
139.144
144.946
146.963
150.881
152.899
154.899
162.869
166.87
168.721
170.789
172.889
176.657
182.793
184.794
190.562
194.681
198.549
202.617
208.452
214.354
218.372
224.375
228.259
238.296
244.099
246.099
250.084
258.154
260.004
262.138
264.139
265.956
269.908
274.009
275.977
279.995
285.847
289.882
295.701
297.785
299.702
301.803
303.67
305.754
307.622
309.772
325.578
327.429
331.53
333.498
337.449
341.484
349.453
355.306
359.274
361.241
363.342
365.326
371.228
375.129
377.147
385.166
392.919
394.92
400.989
402.839
410.792
412.91
414.794
424.764
426.765
438.736
440.536
442.687
446.655
448.506
458.576
462.494
466.479
468.38
474.349
480.334
482.352
484.352
486.32
492.272
494.156
496.107
500.108
504.193
