4.13
6.264
10.098
12.082
18.118
20.069
21.953
24.104
26.021
33.957
35.874
37.842
41.827
45.928
47.762
49.896
51.78
57.682
67.586
69.587
71.738
73.638
77.506
79.674
81.641
85.509
87.51
89.527
91.411
95.513
107.25
121.322
125.24
127.108
131.059
133.093
135.194
137.045
138.995
145.081
146.915
150.916
152.984
154.901
162.821
166.855
168.739
170.707
172.691
176.692
182.778
184.579
190.697
194.666
198.484
202.452
208.571
214.456
218.307
224.36
228.278
238.148
244.084
246.151
250.169
258.072
260.039
261.923
263.941
265.925
269.86
273.844
275.862
279.897
285.899
289.767
295.686
297.686
299.754
301.638
303.605
305.589
307.54
309.624
325.563
327.547
331.399
333.366
337.417
341.436
349.222
355.307
359.209
361.176
363.21
365.094
371.196
375.031
377.132
384.901
392.821
394.955
400.774
402.891
410.744
412.728
414.729
424.683
426.55
438.554
440.622
442.506
446.49
448.525
458.295
462.38
466.364
468.232
474.184
480.169
482.22
484.171
486.105
492.09
494.008
496.159
500.043
504.111
