4.213
6.063
10.215
12.216
18.034
19.985
22.069
24.07
26.021
33.857
35.824
37.908
41.91
45.794
47.778
49.846
51.797
57.782
67.652
69.586
71.554
73.521
77.539
79.507
81.641
85.526
87.543
89.594
91.478
95.363
107.384
121.189
125.107
127.208
131.226
133.06
135.077
137.061
139.095
144.981
146.965
151.016
153.034
154.851
162.821
166.822
168.739
170.823
172.707
176.742
182.811
184.712
190.597
194.615
198.667
202.535
208.437
214.506
218.357
224.276
228.361
238.131
244.234
246.168
250.136
258.072
260.123
261.957
264.008
265.975
270.026
273.878
275.912
279.963
285.732
289.734
295.736
297.703
299.754
301.621
303.722
305.623
307.673
309.541
325.613
327.464
331.415
333.516
337.501
341.369
349.222
355.174
359.309
361.21
363.16
365.144
371.213
375.015
377.166
384.985
393.005
394.922
400.774
402.758
410.694
412.862
414.729
424.75
426.65
438.638
440.472
442.64
446.524
448.458
458.495
462.28
466.298
468.332
474.268
480.253
482.171
484.238
486.222
492.174
494.192
496.109
500.111
504.095
