4.146
6.13
10.115
12.016
18.035
19.952
21.936
24.054
25.988
33.857
35.925
37.825
41.943
45.912
47.912
49.746
51.764
57.833
67.703
69.654
71.671
73.688
77.523
79.54
81.491
85.626
87.493
89.527
91.395
95.396
107.317
121.156
125.207
127.174
131.193
133.127
135.027
137.128
139.129
144.998
147.098
151.033
152.984
154.951
162.821
166.872
168.823
170.907
172.708
176.742
182.678
184.679
190.597
194.682
198.667
202.602
208.471
214.523
218.508
224.41
228.261
238.315
244.284
246.168
250.069
258.039
260.106
262.023
263.941
266.092
269.943
273.878
276.012
279.78
285.915
289.9
295.736
297.786
299.787
301.688
303.639
305.673
307.557
309.541
325.547
327.547
331.399
333.433
337.384
341.336
349.339
355.291
359.292
361.209
363.177
365.294
371.213
375.165
377.199
384.968
392.971
394.938
400.891
402.875
410.878
412.845
414.746
424.799
426.733
438.504
440.488
442.639
446.491
448.508
458.395
462.513
466.281
468.465
474.417
480.169
482.27
484.304
486.172
492.174
494.258
496.075
500.093
504.145
