4.093
6.093
10.062
12.029
18.064
20.032
22.149
24.083
25.984
33.904
35.838
38.022
41.873
45.925
47.742
49.926
51.794
57.762
67.616
69.617
71.667
73.652
77.52
79.504
81.538
85.573
87.44
89.491
91.491
95.443
107.331
121.319
125.287
127.221
131.156
133.14
135.124
137.125
139.109
145.028
146.945
150.963
152.981
154.948
162.918
166.786
168.787
170.921
172.721
176.806
182.642
184.692
190.645
194.596
198.581
202.649
208.434
214.437
218.455
224.274
228.375
238.162
244.131
246.082
250.183
258.069
260.07
262.054
263.972
265.922
269.89
274.025
275.943
279.811
285.863
289.748
295.817
297.834
299.818
301.819
303.77
305.62
307.588
309.672
325.544
327.545
331.396
333.38
337.449
341.417
349.27
355.238
359.307
361.274
363.225
365.192
371.228
375.229
377.197
384.983
392.919
395.02
400.839
402.906
410.826
412.876
414.727
424.664
426.748
438.702
440.57
442.687
446.589
448.506
458.543
462.411
466.429
468.447
474.382
480.368
482.252
484.286
486.153
492.305
494.156
496.174
500.225
504.193
