4.284
6.235
10.086
12.187
18.139
20.123
22.057
24.108
25.975
33.945
35.929
37.946
41.848
45.832
47.733
49.784
51.801
57.77
67.69
69.708
71.725
73.659
77.644
79.478
81.528
85.48
87.581
89.415
91.482
95.55
107.371
121.293
125.244
127.178
131.146
133.13
135.081
137.048
139.166
144.951
146.935
151.07
153.037
155.005
162.891
166.876
168.926
170.877
172.761
176.879
182.715
184.715
190.767
194.652
198.57
202.655
208.607
214.393
218.494
224.463
228.448
238.384
244.17
246.171
250.139
258.141
260.025
262.076
264.044
266.044
270.062
273.964
275.964
279.883
285.985
289.969
295.922
297.922
299.84
301.757
303.774
305.842
307.692
309.643
325.632
327.5
331.484
333.552
337.586
341.505
349.374
355.426
359.228
361.378
363.312
365.23
371.265
375.25
377.284
385.053
393.156
395.14
401.076
402.96
410.846
412.847
414.914
424.751
426.818
438.773
440.623
442.641
446.675
448.643
458.563
462.598
466.482
468.517
474.319
480.454
482.255
484.272
486.223
492.325
494.176
496.21
500.278
504.263
