4.291
6.225
10.043
12.127
18.113
20.064
22.014
24.115
25.916
33.852
35.986
37.82
41.788
45.84
47.857
49.891
51.759
57.778
67.631
69.582
71.583
73.683
77.551
79.602
81.57
85.521
87.472
89.406
91.39
95.508
107.429
121.234
125.136
127.286
131.071
133.089
135.156
137.123
139.124
145.093
147.094
150.912
152.912
154.98
163.016
166.851
168.952
170.836
172.786
176.821
182.773
184.774
190.776
194.695
198.613
202.581
208.55
214.402
218.52
224.472
228.29
238.211
244.246
246.297
250.165
258.185
260.235
262.169
264.037
266.137
269.989
274.124
276.058
280.009
286.028
289.913
295.882
297.849
299.833
301.751
303.735
305.702
307.736
309.637
325.576
327.577
331.595
333.479
337.547
341.432
349.435
355.404
359.405
361.356
363.34
365.307
371.293
375.311
377.262
385.231
393.017
395.135
401.004
403.004
411.024
413.008
414.992
424.879
426.746
438.684
440.735
442.686
446.67
448.605
458.608
462.46
466.494
468.428
474.381
480.316
482.417
484.434
486.385
492.237
494.305
496.305
500.307
504.208
