4.113
6.163
10.132
12.182
17.984
20.152
21.986
24.07
26.054
34.04
35.941
37.875
41.927
45.945
47.812
49.729
51.697
57.732
67.753
69.62
71.654
73.655
77.606
79.64
81.458
85.476
87.41
89.561
91.461
95.48
107.334
121.106
125.174
127.208
131.209
133.21
135.111
137.145
138.962
145.031
146.915
150.85
152.884
154.818
162.854
166.856
168.807
170.791
172.675
176.776
182.562
184.529
190.465
194.499
198.434
202.569
208.388
214.307
218.258
224.31
228.362
238.115
244.234
246.102
250.07
258.039
260.024
261.908
264.025
266.009
269.944
273.829
275.829
279.764
285.85
289.701
295.77
297.587
299.755
301.739
303.706
305.69
307.674
309.492
325.481
327.515
331.5
333.401
337.419
341.42
349.156
355.242
359.177
361.094
363.111
365.212
371.048
375.099
377.1
384.92
392.856
394.94
400.842
402.909
410.729
412.763
414.647
424.667
426.685
438.489
440.54
442.557
446.509
448.36
458.397
462.448
466.383
468.3
474.186
480.221
482.222
484.106
486.19
492.092
494.06
496.177
500.062
504.08
