4.211
6.228
10.163
12.114
17.999
20.083
21.984
23.968
26.052
33.988
36.006
37.956
41.824
45.792
47.927
49.811
51.795
57.797
67.634
69.551
71.685
73.552
77.637
79.588
81.655
85.423
87.491
89.475
91.492
95.427
107.381
121.32
125.138
127.288
131.24
133.141
135.225
137.025
139.059
145.028
147.096
151.097
152.998
154.915
162.835
166.819
168.87
170.938
172.772
176.806
182.825
184.642
190.578
194.746
198.598
202.682
208.584
214.42
218.471
224.373
228.308
238.395
244.264
246.215
250.266
258.136
260.103
262.154
263.988
265.988
270.073
274.008
276.075
279.877
285.912
289.78
295.849
297.9
299.701
301.718
303.835
305.803
307.687
309.638
325.577
327.544
331.529
333.596
337.414
341.382
349.319
355.304
359.339
361.323
363.19
365.308
371.326
375.128
377.179
385.198
393.068
394.968
401.087
402.888
410.924
412.808
414.859
424.846
426.796
438.601
440.635
442.652
446.537
448.638
458.475
462.426
466.527
468.528
474.447
480.266
482.25
484.234
486.368
492.303
494.287
496.171
500.223
504.074
