4.292
6.277
10.245
12.212
18.131
20.115
22.049
24
26.017
33.887
35.937
37.821
41.839
45.841
47.758
49.909
51.876
57.862
67.732
69.666
71.667
73.718
77.619
79.653
81.554
85.455
87.556
89.523
91.507
95.526
107.313
121.318
125.236
127.254
131.172
133.239
135.14
137.141
139.058
144.96
146.944
151.079
152.93
155.047
162.817
166.935
168.902
170.92
172.887
176.788
182.841
184.841
190.593
194.728
198.68
202.548
208.5
214.502
218.52
224.489
228.324
238.244
244.246
246.33
250.265
258.135
260.102
262.186
264.003
265.971
270.089
274.107
275.924
279.926
285.828
289.963
295.882
297.816
299.85
301.8
303.851
305.802
307.669
309.62
325.592
327.61
331.578
333.562
337.563
341.448
349.368
355.453
359.238
361.372
363.339
365.223
371.142
375.127
377.111
385.031
392.983
395.034
401.02
402.987
410.807
412.791
414.975
424.862
426.779
438.7
440.767
442.551
446.603
448.52
458.474
462.559
466.41
468.478
474.463
480.299
482.433
484.283
486.267
492.303
494.337
496.238
500.172
504.14
