4.2
6.217
10.102
12.019
18.171
19.989
22.039
24.057
26.008
33.977
35.878
37.912
41.863
45.948
47.799
49.733
51.85
57.836
67.589
69.69
71.691
73.608
77.559
79.51
81.661
85.462
87.53
89.514
91.448
95.532
107.37
121.258
125.226
127.16
131.229
133.129
135.047
137.014
139.198
145.067
147.101
151.052
153.036
154.887
162.807
166.891
168.892
170.843
172.71
176.695
182.73
184.614
190.567
194.618
198.619
202.638
208.44
214.509
218.427
224.362
228.397
238.35
244.319
246.27
250.121
258.058
260.158
262.109
264.026
266.01
270.112
274.08
276.031
279.999
285.951
289.852
295.738
297.772
299.706
301.757
303.791
305.808
307.775
309.659
325.648
327.483
331.551
333.485
337.536
341.488
349.49
355.292
359.311
361.361
363.329
365.313
371.215
375.183
377.25
385.137
392.956
395.107
401.042
402.926
410.946
412.847
414.814
424.851
426.685
438.689
440.723
442.624
446.642
448.659
458.48
462.564
466.366
468.383
474.435
480.321
482.405
484.272
486.356
492.275
494.309
496.16
500.161
504.229
