4.097
6.114
10.199
12.216
17.985
19.986
21.937
23.954
25.921
34.041
35.992
37.993
41.877
45.762
47.73
49.814
51.714
57.667
67.554
69.654
71.555
73.506
77.657
79.625
81.542
85.51
87.461
89.528
91.429
95.481
107.335
121.14
125.125
127.192
131.144
133.211
135.129
137.029
139.13
144.949
147.05
150.918
153.035
155.003
162.872
166.807
168.708
170.825
172.726
176.811
182.63
184.564
190.516
194.617
198.652
202.604
208.506
214.508
218.293
224.245
228.28
238.267
244.286
246.187
250.071
258.058
260.058
262.109
263.96
266.027
269.912
274.03
275.981
279.782
285.885
289.836
295.655
297.756
299.823
301.607
303.741
305.659
307.626
309.71
325.516
327.583
331.552
333.452
337.404
341.305
349.291
355.344
359.195
361.279
363.23
365.197
371.1
375.084
377.135
385.055
393.024
394.892
400.877
402.928
410.731
412.782
414.716
424.669
426.754
438.625
440.492
442.609
446.578
448.562
458.332
462.45
466.335
468.319
474.305
480.34
482.291
484.108
486.092
492.211
494.229
496.113
500.164
503.999
