4.184
6.151
10.153
12.187
18.072
20.14
22.007
23.975
26.009
33.878
35.979
37.98
41.948
45.749
47.867
49.751
51.718
57.854
67.724
69.624
71.692
73.659
77.661
79.561
81.479
85.43
87.614
89.532
91.432
95.451
107.372
121.227
125.161
127.245
131.147
133.164
135.165
137.166
139.133
144.952
147.103
150.921
152.888
154.922
162.875
166.893
168.911
170.878
172.762
176.713
182.649
184.75
190.735
194.637
198.638
202.673
208.475
214.41
218.479
224.331
228.316
238.202
244.288
246.222
250.19
258.06
260.194
262.061
263.979
265.963
270.047
273.999
276.016
280.034
285.82
289.755
295.79
297.841
299.775
301.676
303.843
305.744
307.661
309.612
325.534
327.552
331.47
333.404
337.439
341.39
349.293
355.429
359.197
361.181
363.265
365.349
371.151
375.186
377.236
385.073
393.059
395.076
400.995
402.929
410.932
412.966
414.933
424.704
426.821
438.609
440.71
442.61
446.562
448.546
458.533
462.451
466.469
468.32
474.355
480.257
482.291
484.309
486.293
492.195
494.212
496.096
500.114
504.183
