4.239
6.139
10.157
12.041
18.127
20.078
22.112
23.996
25.93
33.866
35.95
37.967
41.986
45.887
47.838
49.755
51.872
57.691
67.578
69.729
71.613
73.564
77.498
79.582
81.616
85.451
87.435
89.586
91.553
95.538
107.392
121.331
125.282
127.216
131.201
133.235
135.236
137.22
139.02
145.073
147.04
151.075
153.026
154.926
162.896
166.797
168.898
170.799
172.749
176.817
182.803
184.77
190.589
194.724
198.575
202.56
208.629
214.464
218.416
224.501
228.336
238.306
244.292
246.276
250.144
258.147
260.047
262.115
263.982
266.1
270.118
273.969
276.07
279.888
285.923
289.941
295.794
297.844
299.728
301.796
303.813
305.63
307.648
309.615
325.571
327.538
331.44
333.59
337.542
341.46
349.379
355.415
359.25
361.267
363.301
365.202
371.304
375.255
377.206
385.126
392.928
394.996
400.981
402.849
410.952
412.969
414.936
424.857
426.657
438.745
440.646
442.73
446.498
448.515
458.469
462.47
466.422
468.522
474.308
480.243
482.294
484.228
486.312
492.147
494.282
496.299
500.084
504.035
