4.178
6.112
10.214
12.181
18.05
20.051
22.118
24.086
26.053
33.872
35.973
37.907
41.925
45.86
47.811
49.878
51.729
57.664
67.735
69.585
71.636
73.703
77.588
79.672
81.556
85.558
87.558
89.426
91.527
95.361
107.416
121.254
125.139
127.223
131.057
133.075
135.042
137.11
139.177
145.146
147.097
150.931
152.965
154.916
162.819
166.854
168.788
170.872
172.906
176.807
182.843
184.66
190.646
194.747
198.565
202.683
208.552
214.537
218.355
224.391
228.342
238.213
244.181
246.182
250.3
258.086
260.02
262.138
264.105
266.123
270.024
274.042
275.926
279.861
285.913
289.981
295.85
297.801
299.735
301.719
303.67
305.72
307.821
309.738
325.677
327.595
331.546
333.547
337.482
341.55
349.336
355.305
359.306
361.34
363.258
365.258
371.277
375.145
377.213
385.015
392.985
395.052
400.905
403.072
410.858
412.942
414.81
424.896
426.73
438.701
440.752
442.603
446.654
448.638
458.575
462.46
466.411
468.446
474.364
480.4
482.35
484.351
486.335
492.304
494.238
496.289
500.257
504.242
