4.148
6.082
10.05
12.151
18.003
20.104
21.988
23.922
25.973
33.892
36.027
37.811
41.879
45.897
47.731
49.732
51.849
57.685
67.622
69.673
71.707
73.591
77.692
79.61
81.644
85.545
87.43
89.464
91.498
95.466
107.304
121.242
125.144
127.178
131.063
133.114
135.098
137.098
139.016
145.001
147.069
150.92
152.921
154.905
162.892
166.96
168.861
170.811
172.895
176.797
182.749
184.683
190.702
194.687
198.589
202.557
208.576
214.561
218.429
224.498
228.4
238.237
244.273
246.257
250.175
258.095
260.045
262.163
264.047
266.114
270.116
274.117
275.985
280.003
285.855
289.807
295.792
297.776
299.911
301.811
303.779
305.679
307.713
309.648
325.637
327.588
331.623
333.64
337.592
341.576
349.463
355.298
359.383
361.284
363.285
365.269
371.304
375.306
377.257
385.193
393.146
395.03
401.082
402.966
411.003
412.954
414.904
424.892
426.876
438.73
440.564
442.732
446.7
448.684
458.588
462.539
466.474
468.475
474.394
480.379
482.247
484.331
486.365
492.201
494.318
496.135
500.204
504.122
