4.088
6.255
10.14
12.158
18.093
20.144
22.128
24.129
26.096
33.965
35.85
37.917
41.985
45.803
47.887
49.821
51.755
57.841
67.761
69.678
71.546
73.697
77.598
79.565
81.499
85.451
87.502
89.452
91.586
95.405
107.359
121.297
125.199
127.116
131.101
133.118
135.036
137.003
139.087
145.106
146.957
151.008
152.959
154.926
162.912
166.897
168.765
170.832
172.849
176.651
182.803
184.687
190.539
194.607
198.559
202.644
208.512
214.515
218.483
224.418
228.27
238.173
244.142
246.093
250.127
258.064
260.148
261.948
264.016
265.983
270.035
273.886
276.004
279.888
285.874
289.842
295.761
297.678
299.746
301.646
303.797
305.698
307.598
309.733
325.555
327.422
331.457
333.558
337.359
341.311
349.364
355.249
359.334
361.185
363.152
365.169
371.155
375.106
377.057
385.143
392.913
395.047
400.832
402.95
410.836
412.753
414.904
424.808
426.775
438.646
440.697
442.564
446.649
448.633
458.437
462.455
466.49
468.407
474.226
480.261
482.362
484.179
486.18
492.099
494.116
496.067
500.102
504.17
