4.236
6.087
10.238
12.139
18.141
19.959
22.009
24.11
26.094
33.947
36.031
37.932
41.833
45.951
47.869
49.903
51.72
57.805
67.576
69.676
71.694
73.728
77.579
79.68
81.531
85.615
87.449
89.533
91.501
95.436
107.256
121.295
125.213
127.297
131.198
133.049
135.116
137.034
139.168
144.937
147.021
151.055
152.973
155.007
162.926
166.928
168.762
170.879
172.713
176.815
182.683
184.734
190.653
194.671
198.589
202.64
208.426
214.428
218.313
224.465
228.383
238.186
244.239
246.289
250.091
258.044
260.011
261.995
264.129
266.096
269.931
273.899
275.85
279.951
285.87
289.772
295.757
297.708
299.675
301.709
303.81
305.794
307.711
309.729
325.618
327.535
331.52
333.487
337.422
341.39
349.359
355.362
359.28
361.147
363.164
365.198
371.134
375.102
377.169
385.055
392.908
395.059
400.811
402.862
410.815
412.915
414.899
424.753
426.804
438.625
440.642
442.609
446.444
448.545
458.365
462.4
466.485
468.369
474.371
480.256
482.324
484.341
486.208
492.21
494.111
496.195
500.213
503.998
