4.183
6.133
10.085
12.085
18.054
20.005
21.956
23.99
26.024
34.027
35.944
37.828
41.779
45.948
47.748
49.816
51.85
57.819
67.622
69.706
71.707
73.724
77.542
79.626
81.627
85.428
87.446
89.413
91.564
95.349
107.286
121.175
125.126
127.244
131.228
133.246
135.146
137.08
139.048
145.083
146.984
150.935
153.019
154.92
162.856
166.808
168.858
170.859
172.777
176.878
182.797
184.814
190.75
194.651
198.636
202.487
208.473
214.425
218.343
224.345
228.33
238.267
244.186
246.253
250.238
257.974
260.025
261.942
264.126
266.01
270.012
273.863
275.98
279.965
285.934
289.735
295.871
297.788
299.739
301.69
303.757
305.608
307.742
309.742
325.448
327.582
331.584
333.484
337.402
341.504
349.273
355.376
359.294
361.144
363.228
365.112
371.198
375.166
377.2
385.136
392.889
395.04
400.942
403.009
410.879
412.763
414.847
424.784
426.818
438.689
440.69
442.557
446.475
448.542
458.413
462.431
466.382
468.283
474.252
480.354
482.255
484.239
486.173
492.141
494.159
496.126
500.044
504.112
