4.247
6.264
10.082
12.1
18.135
20.036
22.037
23.921
26.005
33.924
35.958
37.909
41.844
45.912
47.846
49.88
51.848
57.833
67.77
69.554
71.655
73.689
77.574
79.491
81.592
85.576
87.577
89.561
91.562
95.363
107.268
121.139
125.124
127.142
131.126
133.127
135.128
137.179
139.113
144.998
147.082
150.984
153.034
155.018
162.871
166.739
168.857
170.774
172.742
176.793
182.712
184.763
190.648
194.65
198.468
202.502
208.455
214.357
218.492
224.46
228.295
238.265
244.234
246.085
250.22
258.189
260.123
262.041
264.058
265.992
269.977
274.028
275.879
279.964
285.949
289.784
295.72
297.67
299.771
301.655
303.689
305.773
307.691
309.591
325.497
327.515
331.516
333.5
337.368
341.486
349.322
355.308
359.209
361.227
363.178
365.095
371.197
375.215
377.016
384.985
392.955
394.889
400.958
402.859
410.912
412.829
414.83
424.683
426.601
438.538
440.522
442.656
446.475
448.542
458.396
462.464
466.448
468.299
474.285
480.187
482.221
484.288
486.139
492.275
494.209
496.043
500.011
504.095
