4.294
6.128
10.179
12.097
18.132
20.017
22.101
24.051
26.052
33.905
35.839
37.99
41.825
45.876
47.794
49.744
51.778
57.847
67.751
69.718
71.569
73.67
77.638
79.622
81.656
85.491
87.425
89.476
91.493
95.445
107.466
121.321
125.306
127.123
131.208
133.142
135.093
137.194
139.128
144.963
147.064
150.982
153.05
154.95
162.837
166.971
168.872
170.823
172.84
176.858
182.694
184.645
190.797
194.565
198.6
202.601
208.637
214.456
218.441
224.393
228.344
238.265
244.217
246.351
250.253
258.172
260.056
262.04
264.141
266.092
270.077
273.928
275.912
279.964
285.899
289.934
295.786
297.92
299.721
301.872
303.756
305.84
307.724
309.691
325.614
327.631
331.516
333.567
337.535
341.487
349.44
355.442
359.277
361.294
363.261
365.362
371.248
375.216
377.217
385.236
393.006
395.107
401.009
402.91
410.863
412.847
414.847
424.751
426.902
438.656
440.774
442.691
446.676
448.543
458.447
462.549
466.517
468.451
474.403
480.405
482.439
484.257
486.291
492.276
494.194
496.294
500.296
504.197
