4.244
6.162
10.18
12.197
18.049
20.134
22.068
24.102
26.086
33.905
35.873
37.973
41.908
45.843
47.877
49.895
51.762
57.814
67.584
69.568
71.669
73.62
77.571
79.472
81.456
85.541
87.442
89.392
91.46
95.378
107.416
121.204
125.189
127.273
131.108
133.042
135.209
137.127
139.094
145.146
147.08
151.098
152.916
155.067
162.869
166.821
168.955
170.822
172.79
176.775
182.81
184.661
190.596
194.648
198.516
202.667
208.453
214.422
218.373
224.425
228.444
238.314
244.216
246.15
250.235
258.054
260.205
262.156
264.007
266.141
270.059
274.077
276.061
279.996
285.998
289.983
295.735
297.869
299.836
301.72
303.871
305.722
307.673
309.69
325.663
327.58
331.615
333.499
337.55
341.418
349.421
355.324
359.375
361.326
363.343
365.244
371.329
375.231
377.215
385.151
393.104
394.955
401.04
402.924
410.894
412.861
414.895
424.699
426.866
438.637
440.622
442.739
446.64
448.524
458.445
462.413
466.431
468.365
474.501
480.336
482.237
484.338
486.372
492.357
494.208
496.242
500.293
504.212
