4.254
6.204
10.056
12.14
18.175
20.009
22.06
24.127
26.045
33.981
35.948
37.816
41.884
45.835
47.903
49.753
51.821
57.823
67.626
69.71
71.678
73.595
77.547
79.597
81.498
85.466
87.534
89.484
91.518
95.42
107.407
121.246
125.314
127.114
131.716
133.617
135.734
137.618
139.569
145.721
147.588
151.623
153.624
155.575
163.561
167.546
169.38
171.447
173.314
177.283
183.235
185.219
191.254
195.306
199.257
203.175
209.127
215.113
219.064
225.016
228.951
238.921
244.94
246.924
250.792
258.695
260.646
262.647
264.647
266.765
270.699
274.601
276.668
280.57
286.488
290.373
296.409
298.343
300.477
302.461
304.295
306.262
308.346
310.397
326.169
328.27
332.238
334.139
337.99
341.942
349.911
355.847
359.948
361.899
363.85
365.834
371.719
375.871
377.655
385.641
393.577
395.695
401.613
403.464
411.434
413.484
415.402
425.389
427.339
439.327
441.144
443.278
447.18
449.13
459.201
462.969
466.937
468.988
475.056
481.025
483.009
484.843
486.944
492.896
494.847
496.848
500.782
504.684
