4.121
6.205
10.223
12.124
18.109
20.16
22.094
24.111
25.962
33.898
36.032
38
41.968
45.936
47.837
49.921
51.755
57.773
67.694
69.678
71.545
73.546
77.564
79.498
81.649
85.45
87.567
89.452
91.369
95.487
107.341
121.23
125.131
127.215
131.15
133.167
135.151
137.169
139.019
145.055
146.922
150.99
152.874
154.975
162.928
166.746
168.863
170.914
172.798
176.833
182.768
184.736
190.738
194.589
198.557
202.492
208.428
214.346
218.331
224.267
228.268
238.122
244.174
246.174
250.143
258.045
260.13
261.997
264.081
265.932
270.05
273.834
275.919
279.92
285.739
289.807
295.726
297.776
299.727
301.711
303.695
305.579
307.713
309.531
325.553
327.404
331.538
333.423
337.474
341.359
349.295
355.197
359.182
361.182
363.267
365.151
371.086
375.104
377.055
384.974
392.911
394.895
400.98
402.797
410.8
412.718
414.718
424.705
426.673
438.494
440.578
442.562
446.53
448.564
458.517
462.469
466.27
468.238
474.373
480.242
482.143
484.177
486.161
492.196
494.047
496.014
500.049
503.984
